PUID,SOLUTION
1,0
2,0
3,0
4,0
5,0
6,0
7,0
8,0
9,0
10,0
11,0
12,0
13,0
14,0
15,0
16,0
17,0
18,0
19,0
20,0
21,0
22,0
23,0
24,0
25,0
26,0
27,0
28,0
29,0
30,0
31,0
32,0
33,0
34,0
35,0
36,0
37,0
38,0
39,0
40,0
41,0
42,0
43,0
44,0
45,0
46,0
47,0
48,0
49,0
50,0
51,0
52,0
53,0
54,0
55,0
56,0
57,0
58,0
59,0
60,0
61,0
62,0
63,0
64,0
65,0
66,0
67,0
68,0
69,0
70,0
71,0
72,0
73,0
74,0
75,0
76,0
77,0
78,0
79,0
80,0
81,0
82,0
83,0
84,0
85,0
86,0
87,0
88,0
89,0
90,0
91,0
92,0
93,0
94,0
95,0
96,0
97,0
98,0
99,0
100,0
101,0
102,0
103,0
104,0
105,0
106,0
107,0
108,0
109,0
110,0
111,0
112,0
113,0
114,0
115,0
116,0
117,0
118,0
119,0
120,0
121,0
122,0
123,0
124,0
125,0
126,0
127,0
128,0
129,0
130,0
131,0
132,0
133,0
134,0
135,0
136,0
137,0
138,0
139,0
140,0
141,0
142,0
143,0
144,0
145,0
146,0
147,0
148,0
149,0
150,0
151,0
152,0
153,0
154,0
155,0
156,0
157,0
158,0
159,0
160,0
161,0
162,0
163,0
164,0
165,0
166,0
167,0
168,0
169,0
170,0
171,0
172,0
173,0
174,0
175,0
176,0
177,0
178,0
179,0
180,0
181,0
182,0
183,0
184,0
185,0
186,0
187,0
188,0
189,0
190,0
191,0
192,0
193,0
194,0
195,0
196,0
197,0
198,0
199,0
200,0
201,0
202,0
203,0
204,0
205,0
206,0
207,0
208,0
209,0
210,0
211,0
212,0
213,0
214,0
215,0
216,0
217,0
218,0
219,0
220,0
221,0
222,0
223,0
224,0
225,0
226,0
227,0
228,0
229,0
230,0
231,0
232,0
233,0
234,0
235,0
236,0
237,0
238,0
239,0
240,0
241,0
242,0
243,0
244,0
245,0
246,0
247,0
248,0
249,1
250,0
251,0
252,0
253,0
254,0
255,0
256,0
257,0
258,0
259,0
260,0
261,0
262,0
263,0
264,0
265,0
266,0
267,0
268,0
269,0
270,0
271,0
272,0
273,0
274,0
275,0
276,0
277,0
278,0
279,0
280,0
281,0
282,0
283,0
284,0
285,0
286,0
287,0
288,0
289,0
290,0
291,0
292,0
293,0
294,1
295,1
296,1
297,0
298,0
299,0
300,0
301,0
302,0
303,0
304,0
305,0
306,0
307,0
308,0
309,0
310,0
311,0
312,0
313,0
314,0
315,0
316,0
317,0
318,0
319,0
320,0
321,0
322,0
323,0
324,0
325,0
326,0
327,0
328,0
329,0
330,0
331,0
332,0
333,0
334,0
335,0
336,0
337,0
338,0
339,0
340,0
341,0
342,1
343,1
344,1
345,1
346,0
347,0
348,0
349,0
350,0
351,0
352,0
353,0
354,0
355,0
356,0
357,0
358,0
359,0
360,0
361,0
362,0
363,0
364,0
365,0
366,0
367,0
368,0
369,0
370,0
371,0
372,0
373,0
374,0
375,0
376,0
377,0
378,0
379,0
380,0
381,0
382,0
383,0
384,0
385,0
386,0
387,0
388,0
389,0
390,0
391,0
392,0
393,1
394,1
395,1
396,1
397,0
398,0
399,0
400,0
401,0
402,0
403,0
404,0
405,0
406,0
407,0
408,0
409,0
410,0
411,0
412,0
413,0
414,0
415,0
416,0
417,0
418,0
419,0
420,0
421,0
422,0
423,0
424,0
425,0
426,0
427,0
428,0
429,0
430,0
431,0
432,0
433,0
434,0
435,0
436,0
437,0
438,0
439,0
440,0
441,0
442,0
443,0
444,1
445,1
446,1
447,1
448,1
449,0
450,0
451,0
452,0
453,0
454,0
455,0
456,0
457,0
458,0
459,0
460,0
461,0
462,0
463,0
464,0
465,0
466,0
467,0
468,0
469,0
470,0
471,1
472,0
473,0
474,0
475,0
476,0
477,0
478,0
479,0
480,0
481,0
482,0
483,0
484,0
485,0
486,0
487,0
488,0
489,0
490,0
491,0
492,0
493,0
494,0
495,0
496,0
497,0
498,1
499,1
500,1
501,1
502,1
503,0
504,0
505,0
506,0
507,0
508,0
509,0
510,0
511,0
512,0
513,0
514,0
515,0
516,0
517,0
518,0
519,0
520,0
521,0
522,0
523,0
524,1
525,1
526,0
527,0
528,0
529,0
530,0
531,0
532,1
533,0
534,0
535,0
536,0
537,0
538,0
539,0
540,0
541,0
542,0
543,0
544,0
545,0
546,0
547,0
548,0
549,0
550,0
551,0
552,1
553,1
554,1
555,1
556,1
557,1
558,0
559,0
560,0
561,0
562,0
563,0
564,0
565,0
566,0
567,0
568,0
569,0
570,0
571,0
572,0
573,0
574,0
575,0
576,0
577,0
578,0
579,1
580,0
581,0
582,0
583,0
584,0
585,1
586,1
587,1
588,0
589,0
590,0
591,0
592,0
593,0
594,0
595,0
596,0
597,0
598,0
599,0
600,0
601,0
602,0
603,0
604,0
605,0
606,0
607,1
608,1
609,1
610,1
611,1
612,0
613,0
614,0
615,0
616,0
617,0
618,0
619,0
620,0
621,0
622,0
623,0
624,0
625,0
626,0
627,0
628,0
629,0
630,0
631,0
632,0
633,0
634,0
635,0
636,0
637,0
638,0
639,1
640,1
641,1
642,1
643,0
644,0
645,0
646,0
647,0
648,0
649,0
650,0
651,0
652,0
653,0
654,0
655,0
656,0
657,0
658,0
659,0
660,0
661,1
662,1
663,1
664,1
665,1
666,1
667,0
668,0
669,0
670,0
671,0
672,0
673,0
674,0
675,0
676,0
677,0
678,0
679,0
680,0
681,0
682,0
683,0
684,0
685,0
686,0
687,0
688,0
689,0
690,0
691,1
692,1
693,1
694,1
695,1
696,1
697,1
698,0
699,0
700,0
701,0
702,0
703,0
704,0
705,0
706,0
707,0
708,0
709,0
710,0
711,0
712,0
713,0
714,0
715,0
716,0
717,1
718,1
719,1
720,1
721,1
722,0
723,0
724,0
725,0
726,0
727,0
728,0
729,0
730,0
731,0
732,0
733,0
734,0
735,0
736,0
737,0
738,0
739,0
740,0
741,0
742,0
743,0
744,0
745,0
746,1
747,1
748,1
749,1
750,1
751,1
752,1
753,0
754,0
755,0
756,0
757,0
758,0
759,0
760,0
761,0
762,0
763,0
764,0
765,0
766,0
767,0
768,0
769,0
770,0
771,0
772,0
773,1
774,1
775,1
776,1
777,0
778,0
779,0
780,0
781,0
782,0
783,0
784,0
785,0
786,0
787,0
788,0
789,0
790,0
791,0
792,0
793,0
794,0
795,0
796,0
797,0
798,0
799,0
800,0
801,0
802,1
803,1
804,1
805,1
806,1
807,1
808,1
809,0
810,0
811,0
812,0
813,0
814,0
815,0
816,0
817,0
818,0
819,0
820,0
821,0
822,0
823,0
824,0
825,0
826,0
827,0
828,0
829,1
830,1
831,1
832,1
833,0
834,0
835,0
836,0
837,0
838,0
839,0
840,0
841,0
842,0
843,0
844,0
845,0
846,0
847,0
848,0
849,0
850,0
851,0
852,0
853,0
854,0
855,0
856,0
857,0
858,0
859,1
860,1
861,1
862,1
863,1
864,1
865,1
866,0
867,0
868,0
869,0
870,0
871,0
872,0
873,0
874,0
875,0
876,0
877,0
878,0
879,0
880,0
881,0
882,0
883,0
884,0
885,0
886,1
887,1
888,1
889,0
890,0
891,0
892,0
893,0
894,0
895,0
896,0
897,0
898,0
899,0
900,0
901,0
902,0
903,0
904,0
905,0
906,0
907,0
908,0
909,0
910,0
911,0
912,0
913,0
914,0
915,0
916,1
917,1
918,1
919,1
920,1
921,1
922,0
923,0
924,0
925,0
926,0
927,0
928,0
929,0
930,0
931,0
932,0
933,0
934,0
935,0
936,0
937,0
938,0
939,0
940,0
941,0
942,0
943,0
944,0
945,0
946,0
947,0
948,0
949,0
950,1
951,1
952,1
953,0
954,0
955,0
956,0
957,0
958,0
959,0
960,0
961,0
962,0
963,0
964,0
965,0
966,0
967,0
968,0
969,0
970,0
971,0
972,0
973,0
974,0
975,0
976,0
977,0
978,0
979,0
980,0
981,1
982,1
983,1
984,1
985,1
986,1
987,0
988,0
989,0
990,0
991,0
992,0
993,0
994,0
995,0
996,0
997,0
998,0
999,0
1000,0
1001,0
1002,0
1003,0
1004,0
1005,0
1006,0
1007,0
1008,0
1009,0
1010,1
1011,0
1012,0
1013,0
1014,0
1015,0
1016,0
1017,0
1018,0
1019,1
1020,1
1021,0
1022,0
1023,0
1024,0
1025,0
1026,0
1027,0
1028,0
1029,0
1030,0
1031,0
1032,0
1033,0
1034,0
1035,0
1036,0
1037,0
1038,0
1039,0
1040,0
1041,0
1042,0
1043,0
1044,0
1045,0
1046,0
1047,0
1048,0
1049,0
1050,1
1051,1
1052,1
1053,1
1054,1
1055,0
1056,0
1057,0
1058,0
1059,0
1060,0
1061,0
1062,0
1063,0
1064,0
1065,0
1066,0
1067,0
1068,0
1069,0
1070,0
1071,0
1072,0
1073,0
1074,0
1075,0
1076,0
1077,0
1078,0
1079,0
1080,1
1081,0
1082,0
1083,0
1084,0
1085,0
1086,0
1087,0
1088,0
1089,0
1090,0
1091,0
1092,0
1093,0
1094,0
1095,0
1096,0
1097,0
1098,0
1099,0
1100,0
1101,0
1102,0
1103,0
1104,0
1105,0
1106,0
1107,0
1108,0
1109,0
1110,0
1111,0
1112,0
1113,0
1114,0
1115,0
1116,0
1117,0
1118,0
1119,0
1120,0
1121,1
1122,1
1123,1
1124,1
1125,1
1126,0
1127,0
1128,0
1129,0
1130,0
1131,0
1132,0
1133,0
1134,0
1135,0
1136,0
1137,0
1138,0
1139,0
1140,0
1141,0
1142,0
1143,0
1144,0
1145,0
1146,0
1147,0
1148,0
1149,0
1150,0
1151,0
1152,1
1153,1
1154,0
1155,0
1156,0
1157,0
1158,0
1159,0
1160,0
1161,0
1162,0
1163,0
1164,0
1165,0
1166,0
1167,0
1168,0
1169,0
1170,0
1171,0
1172,0
1173,0
1174,0
1175,0
1176,0
1177,0
1178,0
1179,0
1180,0
1181,0
1182,0
1183,0
1184,0
1185,0
1186,0
1187,0
1188,0
1189,0
1190,0
1191,0
1192,0
1193,1
1194,1
1195,1
1196,1
1197,1
1198,1
1199,0
1200,0
1201,0
1202,0
1203,0
1204,0
1205,0
1206,0
1207,0
1208,0
1209,0
1210,0
1211,0
1212,0
1213,0
1214,0
1215,0
1216,0
1217,0
1218,0
1219,0
1220,0
1221,0
1222,0
1223,0
1224,1
1225,1
1226,0
1227,0
1228,0
1229,0
1230,0
1231,0
1232,0
1233,0
1234,0
1235,0
1236,0
1237,0
1238,0
1239,0
1240,0
1241,0
1242,0
1243,0
1244,0
1245,0
1246,0
1247,0
1248,0
1249,0
1250,0
1251,0
1252,0
1253,0
1254,0
1255,0
1256,0
1257,0
1258,0
1259,0
1260,0
1261,0
1262,0
1263,0
1264,0
1265,0
1266,1
1267,1
1268,1
1269,1
1270,1
1271,1
1272,0
1273,0
1274,0
1275,0
1276,0
1277,0
1278,0
1279,0
1280,0
1281,0
1282,0
1283,0
1284,0
1285,0
1286,0
1287,0
1288,0
1289,0
1290,0
1291,0
1292,0
1293,0
1294,0
1295,0
1296,0
1297,0
1298,1
1299,1
1300,1
1301,0
1302,0
1303,0
1304,0
1305,0
1306,0
1307,0
1308,0
1309,0
1310,0
1311,0
1312,0
1313,0
1314,0
1315,0
1316,0
1317,0
1318,0
1319,0
1320,0
1321,0
1322,0
1323,0
1324,0
1325,0
1326,0
1327,0
1328,0
1329,0
1330,0
1331,0
1332,0
1333,0
1334,0
1335,0
1336,0
1337,0
1338,0
1339,0
1340,0
1341,1
1342,1
1343,1
1344,1
1345,1
1346,0
1347,0
1348,0
1349,0
1350,0
1351,0
1352,0
1353,0
1354,0
1355,0
1356,0
1357,0
1358,0
1359,0
1360,0
1361,0
1362,0
1363,0
1364,0
1365,0
1366,0
1367,0
1368,0
1369,0
1370,0
1371,0
1372,0
1373,1
1374,1
1375,1
1376,0
1377,0
1378,0
1379,0
1380,0
1381,0
1382,0
1383,0
1384,0
1385,0
1386,0
1387,0
1388,0
1389,0
1390,0
1391,0
1392,0
1393,0
1394,0
1395,0
1396,0
1397,0
1398,0
1399,0
1400,0
1401,0
1402,0
1403,0
1404,0
1405,0
1406,0
1407,0
1408,0
1409,0
1410,0
1411,0
1412,0
1413,0
1414,0
1415,0
1416,1
1417,1
1418,1
1419,1
1420,1
1421,1
1422,0
1423,0
1424,0
1425,0
1426,0
1427,0
1428,0
1429,0
1430,0
1431,0
1432,0
1433,0
1434,0
1435,0
1436,0
1437,0
1438,0
1439,0
1440,0
1441,0
1442,0
1443,0
1444,0
1445,0
1446,0
1447,0
1448,0
1449,0
1450,1
1451,1
1452,1
1453,0
1454,0
1455,0
1456,0
1457,0
1458,0
1459,0
1460,0
1461,0
1462,0
1463,0
1464,0
1465,0
1466,0
1467,0
1468,0
1469,0
1470,0
1471,0
1472,0
1473,0
1474,0
1475,0
1476,0
1477,0
1478,0
1479,0
1480,0
1481,0
1482,0
1483,0
1484,0
1485,0
1486,0
1487,0
1488,0
1489,0
1490,0
1491,0
1492,0
1493,0
1494,1
1495,1
1496,1
1497,1
1498,1
1499,1
1500,0
1501,0
1502,0
1503,0
1504,0
1505,0
1506,0
1507,0
1508,0
1509,0
1510,0
1511,0
1512,0
1513,0
1514,0
1515,0
1516,0
1517,0
1518,0
1519,0
1520,0
1521,0
1522,0
1523,0
1524,0
1525,0
1526,0
1527,1
1528,1
1529,1
1530,1
1531,0
1532,0
1533,0
1534,0
1535,0
1536,0
1537,0
1538,0
1539,0
1540,0
1541,0
1542,0
1543,0
1544,0
1545,0
1546,0
1547,0
1548,0
1549,0
1550,0
1551,0
1552,0
1553,0
1554,0
1555,0
1556,0
1557,0
1558,0
1559,0
1560,0
1561,0
1562,0
1563,0
1564,0
1565,0
1566,0
1567,0
1568,0
1569,0
1570,0
1571,1
1572,1
1573,1
1574,1
1575,1
1576,1
1577,1
1578,0
1579,0
1580,0
1581,0
1582,0
1583,0
1584,0
1585,0
1586,0
1587,0
1588,0
1589,0
1590,0
1591,0
1592,0
1593,0
1594,0
1595,0
1596,0
1597,0
1598,0
1599,0
1600,0
1601,0
1602,0
1603,0
1604,0
1605,0
1606,0
1607,0
1608,0
1609,0
1610,1
1611,1
1612,1
1613,0
1614,0
1615,0
1616,0
1617,0
1618,0
1619,0
1620,0
1621,0
1622,0
1623,0
1624,0
1625,0
1626,0
1627,0
1628,0
1629,0
1630,0
1631,0
1632,0
1633,0
1634,0
1635,0
1636,0
1637,0
1638,0
1639,0
1640,0
1641,0
1642,0
1643,0
1644,0
1645,0
1646,0
1647,0
1648,0
1649,0
1650,0
1651,0
1652,0
1653,0
1654,1
1655,1
1656,1
1657,1
1658,1
1659,1
1660,1
1661,0
1662,0
1663,0
1664,0
1665,0
1666,0
1667,0
1668,0
1669,0
1670,0
1671,0
1672,0
1673,0
1674,0
1675,0
1676,0
1677,0
1678,0
1679,0
1680,0
1681,0
1682,0
1683,0
1684,0
1685,0
1686,0
1687,0
1688,0
1689,0
1690,0
1691,0
1692,0
1693,0
1694,1
1695,1
1696,1
1697,1
1698,0
1699,0
1700,0
1701,0
1702,0
1703,0
1704,0
1705,0
1706,0
1707,0
1708,0
1709,0
1710,0
1711,0
1712,0
1713,0
1714,0
1715,0
1716,0
1717,0
1718,0
1719,0
1720,0
1721,0
1722,0
1723,0
1724,0
1725,0
1726,0
1727,0
1728,0
1729,0
1730,0
1731,0
1732,0
1733,0
1734,0
1735,0
1736,0
1737,0
1738,1
1739,1
1740,1
1741,1
1742,1
1743,1
1744,1
1745,0
1746,0
1747,0
1748,0
1749,0
1750,0
1751,0
1752,0
1753,0
1754,0
1755,0
1756,0
1757,0
1758,0
1759,0
1760,0
1761,0
1762,0
1763,0
1764,0
1765,0
1766,0
1767,0
1768,0
1769,0
1770,0
1771,0
1772,0
1773,0
1774,0
1775,0
1776,0
1777,0
1778,0
1779,0
1780,1
1781,1
1782,1
1783,1
1784,0
1785,0
1786,0
1787,0
1788,0
1789,0
1790,0
1791,0
1792,0
1793,1
1794,0
1795,0
1796,0
1797,0
1798,0
1799,0
1800,0
1801,0
1802,0
1803,0
1804,0
1805,0
1806,0
1807,0
1808,0
1809,0
1810,0
1811,0
1812,0
1813,0
1814,0
1815,0
1816,0
1817,0
1818,0
1819,0
1820,0
1821,0
1822,0
1823,0
1824,0
1825,1
1826,1
1827,1
1828,1
1829,1
1830,1
1831,1
1832,0
1833,0
1834,0
1835,0
1836,0
1837,0
1838,0
1839,0
1840,0
1841,0
1842,0
1843,0
1844,0
1845,0
1846,0
1847,1
1848,0
1849,0
1850,0
1851,0
1852,0
1853,0
1854,0
1855,0
1856,0
1857,0
1858,0
1859,0
1860,0
1861,0
1862,0
1863,0
1864,0
1865,0
1866,0
1867,1
1868,1
1869,1
1870,1
1871,0
1872,0
1873,0
1874,0
1875,0
1876,0
1877,0
1878,0
1879,0
1880,0
1881,0
1882,0
1883,0
1884,0
1885,0
1886,0
1887,0
1888,0
1889,0
1890,0
1891,0
1892,0
1893,0
1894,0
1895,0
1896,0
1897,0
1898,0
1899,0
1900,0
1901,0
1902,0
1903,0
1904,0
1905,0
1906,0
1907,0
1908,0
1909,0
1910,0
1911,0
1912,0
1913,1
1914,1
1915,1
1916,1
1917,1
1918,1
1919,1
1920,0
1921,0
1922,0
1923,0
1924,0
1925,0
1926,0
1927,0
1928,0
1929,0
1930,0
1931,0
1932,0
1933,0
1934,0
1935,1
1936,1
1937,0
1938,0
1939,0
1940,0
1941,0
1942,0
1943,0
1944,0
1945,0
1946,0
1947,0
1948,0
1949,0
1950,0
1951,0
1952,0
1953,0
1954,0
1955,0
1956,1
1957,1
1958,1
1959,1
1960,0
1961,0
1962,0
1963,0
1964,0
1965,0
1966,0
1967,0
1968,0
1969,0
1970,0
1971,0
1972,0
1973,0
1974,0
1975,0
1976,0
1977,0
1978,1
1979,0
1980,0
1981,0
1982,0
1983,0
1984,1
1985,0
1986,0
1987,0
1988,0
1989,0
1990,0
1991,0
1992,0
1993,0
1994,0
1995,1
1996,0
1997,0
1998,0
1999,0
2000,0
2001,0
2002,0
2003,1
2004,1
2005,1
2006,1
2007,1
2008,1
2009,0
2010,0
2011,0
2012,0
2013,0
2014,0
2015,0
2016,0
2017,0
2018,0
2019,0
2020,0
2021,0
2022,0
2023,0
2024,0
2025,1
2026,1
2027,0
2028,0
2029,0
2030,0
2031,0
2032,0
2033,0
2034,0
2035,0
2036,0
2037,0
2038,0
2039,0
2040,0
2041,0
2042,0
2043,0
2044,0
2045,0
2046,1
2047,1
2048,1
2049,1
2050,0
2051,0
2052,0
2053,0
2054,0
2055,0
2056,0
2057,0
2058,0
2059,0
2060,0
2061,0
2062,0
2063,0
2064,0
2065,0
2066,0
2067,0
2068,0
2069,0
2070,0
2071,0
2072,0
2073,0
2074,0
2075,0
2076,0
2077,0
2078,0
2079,0
2080,0
2081,0
2082,0
2083,0
2084,0
2085,1
2086,0
2087,0
2088,0
2089,0
2090,0
2091,0
2092,0
2093,0
2094,1
2095,1
2096,1
2097,1
2098,1
2099,1
2100,0
2101,0
2102,0
2103,0
2104,0
2105,0
2106,0
2107,0
2108,0
2109,0
2110,0
2111,0
2112,0
2113,0
2114,0
2115,0
2116,1
2117,1
2118,1
2119,0
2120,0
2121,0
2122,0
2123,0
2124,0
2125,0
2126,0
2127,0
2128,0
2129,0
2130,0
2131,0
2132,0
2133,0
2134,0
2135,0
2136,0
2137,0
2138,1
2139,1
2140,1
2141,1
2142,0
2143,0
2144,0
2145,0
2146,0
2147,0
2148,0
2149,1
2150,1
2151,0
2152,0
2153,0
2154,0
2155,0
2156,0
2157,0
2158,1
2159,0
2160,0
2161,1
2162,0
2163,0
2164,0
2165,0
2166,0
2167,0
2168,0
2169,0
2170,0
2171,0
2172,0
2173,0
2174,0
2175,0
2176,0
2177,1
2178,0
2179,0
2180,0
2181,0
2182,0
2183,0
2184,0
2185,0
2186,1
2187,1
2188,1
2189,1
2190,1
2191,1
2192,1
2193,0
2194,0
2195,0
2196,0
2197,0
2198,0
2199,0
2200,0
2201,0
2202,0
2203,0
2204,0
2205,0
2206,0
2207,0
2208,1
2209,1
2210,1
2211,1
2212,0
2213,0
2214,0
2215,0
2216,0
2217,0
2218,0
2219,0
2220,0
2221,0
2222,0
2223,0
2224,0
2225,0
2226,0
2227,0
2228,0
2229,0
2230,0
2231,1
2232,1
2233,1
2234,0
2235,0
2236,0
2237,0
2238,0
2239,0
2240,0
2241,1
2242,1
2243,1
2244,0
2245,0
2246,0
2247,1
2248,0
2249,0
2250,0
2251,1
2252,0
2253,0
2254,0
2255,0
2256,0
2257,0
2258,0
2259,0
2260,0
2261,0
2262,0
2263,0
2264,0
2265,0
2266,0
2267,0
2268,0
2269,0
2270,0
2271,0
2272,0
2273,1
2274,0
2275,0
2276,0
2277,0
2278,0
2279,1
2280,1
2281,1
2282,1
2283,1
2284,1
2285,0
2286,0
2287,0
2288,0
2289,0
2290,0
2291,0
2292,0
2293,0
2294,0
2295,0
2296,0
2297,0
2298,0
2299,0
2300,0
2301,1
2302,1
2303,1
2304,1
2305,0
2306,0
2307,0
2308,0
2309,0
2310,0
2311,0
2312,0
2313,0
2314,0
2315,0
2316,0
2317,0
2318,0
2319,0
2320,0
2321,0
2322,0
2323,0
2324,1
2325,1
2326,1
2327,0
2328,0
2329,0
2330,0
2331,0
2332,0
2333,0
2334,0
2335,1
2336,0
2337,0
2338,0
2339,0
2340,1
2341,1
2342,0
2343,0
2344,0
2345,1
2346,1
2347,0
2348,0
2349,1
2350,1
2351,0
2352,0
2353,0
2354,0
2355,0
2356,0
2357,0
2358,0
2359,0
2360,0
2361,0
2362,0
2363,0
2364,0
2365,0
2366,0
2367,0
2368,0
2369,0
2370,0
2371,0
2372,1
2373,1
2374,1
2375,1
2376,1
2377,1
2378,1
2379,0
2380,0
2381,0
2382,0
2383,0
2384,0
2385,0
2386,0
2387,0
2388,0
2389,0
2390,0
2391,0
2392,0
2393,0
2394,0
2395,0
2396,1
2397,1
2398,1
2399,1
2400,1
2401,0
2402,0
2403,0
2404,0
2405,0
2406,0
2407,0
2408,0
2409,0
2410,0
2411,0
2412,0
2413,0
2414,0
2415,0
2416,0
2417,0
2418,0
2419,1
2420,1
2421,1
2422,0
2423,0
2424,0
2425,0
2426,0
2427,0
2428,0
2429,0
2430,0
2431,0
2432,1
2433,0
2434,0
2435,0
2436,1
2437,1
2438,1
2439,1
2440,1
2441,0
2442,0
2443,0
2444,0
2445,1
2446,0
2447,0
2448,0
2449,0
2450,0
2451,0
2452,0
2453,0
2454,0
2455,0
2456,0
2457,0
2458,0
2459,1
2460,0
2461,0
2462,0
2463,1
2464,0
2465,0
2466,0
2467,1
2468,1
2469,1
2470,1
2471,1
2472,1
2473,1
2474,0
2475,0
2476,0
2477,0
2478,0
2479,0
2480,0
2481,0
2482,0
2483,0
2484,0
2485,0
2486,0
2487,0
2488,0
2489,0
2490,0
2491,1
2492,1
2493,1
2494,1
2495,1
2496,0
2497,0
2498,0
2499,0
2500,0
2501,0
2502,0
2503,0
2504,0
2505,0
2506,0
2507,0
2508,0
2509,0
2510,0
2511,0
2512,0
2513,0
2514,1
2515,1
2516,1
2517,0
2518,0
2519,0
2520,0
2521,0
2522,0
2523,0
2524,0
2525,0
2526,0
2527,0
2528,0
2529,0
2530,0
2531,0
2532,0
2533,0
2534,1
2535,1
2536,1
2537,0
2538,1
2539,0
2540,0
2541,0
2542,1
2543,0
2544,0
2545,0
2546,0
2547,0
2548,0
2549,0
2550,0
2551,0
2552,0
2553,0
2554,0
2555,0
2556,0
2557,0
2558,0
2559,0
2560,0
2561,0
2562,1
2563,0
2564,1
2565,1
2566,1
2567,1
2568,1
2569,1
2570,0
2571,0
2572,0
2573,0
2574,0
2575,0
2576,0
2577,0
2578,0
2579,0
2580,0
2581,0
2582,0
2583,0
2584,0
2585,0
2586,0
2587,0
2588,1
2589,1
2590,1
2591,1
2592,1
2593,0
2594,0
2595,0
2596,0
2597,0
2598,0
2599,0
2600,0
2601,0
2602,0
2603,0
2604,0
2605,0
2606,0
2607,0
2608,0
2609,0
2610,1
2611,1
2612,1
2613,0
2614,0
2615,0
2616,0
2617,0
2618,0
2619,0
2620,0
2621,0
2622,0
2623,0
2624,0
2625,0
2626,0
2627,0
2628,0
2629,0
2630,0
2631,1
2632,0
2633,1
2634,0
2635,1
2636,0
2637,0
2638,1
2639,0
2640,0
2641,0
2642,0
2643,0
2644,0
2645,0
2646,0
2647,0
2648,0
2649,0
2650,0
2651,0
2652,0
2653,0
2654,0
2655,0
2656,0
2657,0
2658,0
2659,0
2660,1
2661,1
2662,1
2663,1
2664,1
2665,1
2666,1
2667,0
2668,0
2669,0
2670,0
2671,0
2672,0
2673,0
2674,0
2675,0
2676,0
2677,0
2678,0
2679,0
2680,0
2681,0
2682,0
2683,0
2684,1
2685,1
2686,1
2687,1
2688,1
2689,0
2690,0
2691,0
2692,0
2693,0
2694,0
2695,0
2696,0
2697,0
2698,0
2699,0
2700,0
2701,0
2702,0
2703,0
2704,0
2705,0
2706,0
2707,1
2708,1
2709,0
2710,0
2711,0
2712,0
2713,0
2714,0
2715,0
2716,0
2717,0
2718,0
2719,1
2720,0
2721,0
2722,0
2723,0
2724,0
2725,0
2726,0
2727,0
2728,0
2729,0
2730,0
2731,1
2732,1
2733,0
2734,1
2735,1
2736,1
2737,0
2738,0
2739,0
2740,0
2741,1
2742,0
2743,0
2744,1
2745,0
2746,0
2747,0
2748,0
2749,0
2750,0
2751,0
2752,0
2753,0
2754,0
2755,0
2756,0
2757,1
2758,1
2759,1
2760,0
2761,1
2762,1
2763,1
2764,0
2765,0
2766,0
2767,0
2768,0
2769,0
2770,0
2771,0
2772,0
2773,0
2774,0
2775,0
2776,0
2777,0
2778,0
2779,0
2780,0
2781,0
2782,1
2783,1
2784,1
2785,1
2786,1
2787,0
2788,0
2789,0
2790,0
2791,0
2792,0
2793,0
2794,0
2795,0
2796,0
2797,0
2798,0
2799,0
2800,0
2801,0
2802,0
2803,0
2804,0
2805,0
2806,1
2807,0
2808,0
2809,0
2810,0
2811,0
2812,0
2813,0
2814,0
2815,0
2816,0
2817,0
2818,1
2819,0
2820,0
2821,0
2822,0
2823,0
2824,0
2825,0
2826,0
2827,0
2828,0
2829,1
2830,1
2831,1
2832,1
2833,1
2834,1
2835,0
2836,0
2837,0
2838,0
2839,1
2840,0
2841,0
2842,1
2843,0
2844,0
2845,0
2846,0
2847,0
2848,0
2849,0
2850,0
2851,0
2852,0
2853,0
2854,0
2855,1
2856,1
2857,1
2858,0
2859,0
2860,1
2861,1
2862,0
2863,0
2864,0
2865,0
2866,0
2867,0
2868,0
2869,0
2870,0
2871,0
2872,0
2873,0
2874,0
2875,0
2876,0
2877,0
2878,0
2879,0
2880,0
2881,0
2882,1
2883,1
2884,1
2885,1
2886,1
2887,0
2888,0
2889,0
2890,0
2891,0
2892,0
2893,0
2894,0
2895,0
2896,0
2897,0
2898,0
2899,0
2900,0
2901,0
2902,0
2903,0
2904,0
2905,0
2906,0
2907,0
2908,0
2909,0
2910,0
2911,0
2912,0
2913,0
2914,0
2915,0
2916,0
2917,1
2918,0
2919,0
2920,0
2921,0
2922,0
2923,0
2924,0
2925,0
2926,0
2927,0
2928,1
2929,1
2930,1
2931,1
2932,1
2933,1
2934,1
2935,0
2936,0
2937,0
2938,0
2939,1
2940,0
2941,0
2942,0
2943,0
2944,0
2945,0
2946,0
2947,0
2948,0
2949,0
2950,0
2951,0
2952,0
2953,0
2954,1
2955,1
2956,1
2957,0
2958,0
2959,0
2960,1
2961,1
2962,0
2963,0
2964,0
2965,0
2966,0
2967,0
2968,0
2969,0
2970,0
2971,0
2972,0
2973,0
2974,0
2975,0
2976,0
2977,0
2978,0
2979,0
2980,0
2981,0
2982,1
2983,1
2984,1
2985,1
2986,1
2987,0
2988,0
2989,0
2990,0
2991,0
2992,0
2993,0
2994,0
2995,0
2996,0
2997,0
2998,0
2999,0
3000,0
3001,0
3002,0
3003,0
3004,0
3005,0
3006,0
3007,0
3008,0
3009,0
3010,0
3011,0
3012,0
3013,0
3014,0
3015,0
3016,0
3017,1
3018,1
3019,0
3020,0
3021,0
3022,0
3023,0
3024,0
3025,0
3026,0
3027,0
3028,0
3029,1
3030,1
3031,1
3032,1
3033,1
3034,1
3035,1
3036,0
3037,0
3038,0
3039,0
3040,0
3041,0
3042,0
3043,0
3044,0
3045,0
3046,0
3047,0
3048,0
3049,0
3050,0
3051,0
3052,0
3053,0
3054,1
3055,1
3056,1
3057,0
3058,0
3059,0
3060,0
3061,1
3062,0
3063,0
3064,0
3065,0
3066,0
3067,0
3068,0
3069,0
3070,0
3071,0
3072,0
3073,0
3074,0
3075,0
3076,0
3077,0
3078,0
3079,0
3080,0
3081,0
3082,0
3083,0
3084,1
3085,1
3086,1
3087,1
3088,0
3089,0
3090,0
3091,0
3092,0
3093,0
3094,0
3095,0
3096,0
3097,0
3098,0
3099,0
3100,0
3101,0
3102,0
3103,0
3104,0
3105,0
3106,0
3107,0
3108,0
3109,0
3110,0
3111,0
3112,0
3113,0
3114,0
3115,0
3116,0
3117,0
3118,1
3119,1
3120,0
3121,0
3122,0
3123,0
3124,0
3125,0
3126,0
3127,0
3128,0
3129,0
3130,1
3131,1
3132,1
3133,1
3134,1
3135,1
3136,1
3137,1
3138,0
3139,0
3140,0
3141,1
3142,0
3143,0
3144,0
3145,0
3146,0
3147,0
3148,0
3149,0
3150,0
3151,0
3152,0
3153,0
3154,0
3155,1
3156,1
3157,1
3158,0
3159,0
3160,0
3161,0
3162,0
3163,0
3164,0
3165,0
3166,0
3167,0
3168,0
3169,0
3170,0
3171,0
3172,0
3173,0
3174,0
3175,0
3176,0
3177,0
3178,0
3179,0
3180,0
3181,0
3182,0
3183,0
3184,0
3185,1
3186,1
3187,1
3188,1
3189,0
3190,0
3191,0
3192,0
3193,0
3194,0
3195,0
3196,0
3197,0
3198,0
3199,0
3200,0
3201,0
3202,0
3203,0
3204,0
3205,0
3206,0
3207,0
3208,0
3209,0
3210,0
3211,0
3212,0
3213,0
3214,0
3215,0
3216,0
3217,1
3218,0
3219,0
3220,1
3221,0
3222,0
3223,0
3224,0
3225,0
3226,0
3227,0
3228,0
3229,0
3230,0
3231,0
3232,1
3233,1
3234,1
3235,1
3236,1
3237,1
3238,1
3239,1
3240,0
3241,0
3242,0
3243,0
3244,0
3245,0
3246,0
3247,0
3248,1
3249,0
3250,0
3251,0
3252,0
3253,0
3254,0
3255,0
3256,1
3257,1
3258,1
3259,0
3260,0
3261,0
3262,0
3263,0
3264,0
3265,0
3266,0
3267,0
3268,0
3269,0
3270,0
3271,0
3272,0
3273,0
3274,0
3275,0
3276,0
3277,0
3278,0
3279,0
3280,0
3281,0
3282,0
3283,0
3284,0
3285,0
3286,0
3287,0
3288,1
3289,1
3290,1
3291,1
3292,0
3293,0
3294,0
3295,0
3296,0
3297,0
3298,0
3299,0
3300,0
3301,0
3302,0
3303,0
3304,0
3305,0
3306,0
3307,0
3308,0
3309,0
3310,0
3311,0
3312,0
3313,0
3314,0
3315,0
3316,0
3317,0
3318,0
3319,0
3320,0
3321,0
3322,0
3323,0
3324,0
3325,0
3326,0
3327,0
3328,0
3329,0
3330,0
3331,0
3332,0
3333,0
3334,0
3335,1
3336,1
3337,1
3338,1
3339,1
3340,1
3341,1
3342,1
3343,0
3344,0
3345,0
3346,0
3347,1
3348,0
3349,0
3350,0
3351,0
3352,0
3353,0
3354,0
3355,0
3356,0
3357,0
3358,1
3359,1
3360,1
3361,0
3362,0
3363,0
3364,0
3365,0
3366,0
3367,0
3368,0
3369,0
3370,0
3371,0
3372,0
3373,0
3374,0
3375,0
3376,0
3377,0
3378,0
3379,0
3380,0
3381,0
3382,0
3383,0
3384,0
3385,0
3386,0
3387,0
3388,0
3389,0
3390,1
3391,1
3392,1
3393,1
3394,0
3395,0
3396,0
3397,0
3398,0
3399,0
3400,0
3401,0
3402,0
3403,0
3404,0
3405,0
3406,0
3407,0
3408,0
3409,0
3410,0
3411,0
3412,0
3413,0
3414,0
3415,0
3416,0
3417,0
3418,0
3419,0
3420,0
3421,0
3422,0
3423,0
3424,0
3425,0
3426,0
3427,0
3428,0
3429,0
3430,0
3431,0
3432,0
3433,0
3434,0
3435,0
3436,1
3437,0
3438,1
3439,1
3440,1
3441,1
3442,1
3443,1
3444,1
3445,1
3446,0
3447,0
3448,0
3449,0
3450,0
3451,0
3452,0
3453,0
3454,0
3455,0
3456,0
3457,0
3458,0
3459,0
3460,1
3461,1
3462,1
3463,0
3464,0
3465,0
3466,0
3467,0
3468,0
3469,0
3470,0
3471,0
3472,0
3473,0
3474,0
3475,0
3476,0
3477,0
3478,0
3479,0
3480,0
3481,0
3482,0
3483,0
3484,0
3485,0
3486,0
3487,0
3488,0
3489,0
3490,0
3491,0
3492,0
3493,0
3494,1
3495,1
3496,1
3497,1
3498,0
3499,0
3500,0
3501,0
3502,0
3503,0
3504,0
3505,0
3506,0
3507,0
3508,0
3509,0
3510,0
3511,0
3512,0
3513,0
3514,0
3515,0
3516,0
3517,0
3518,0
3519,0
3520,0
3521,0
3522,0
3523,0
3524,0
3525,1
3526,0
3527,0
3528,0
3529,0
3530,0
3531,0
3532,0
3533,0
3534,0
3535,0
3536,0
3537,0
3538,0
3539,0
3540,0
3541,1
3542,1
3543,1
3544,1
3545,1
3546,1
3547,1
3548,1
3549,1
3550,0
3551,0
3552,0
3553,0
3554,0
3555,0
3556,0
3557,0
3558,0
3559,0
3560,0
3561,0
3562,0
3563,0
3564,1
3565,1
3566,1
3567,0
3568,0
3569,0
3570,0
3571,0
3572,0
3573,0
3574,0
3575,0
3576,0
3577,0
3578,0
3579,0
3580,0
3581,0
3582,0
3583,0
3584,0
3585,0
3586,0
3587,0
3588,0
3589,0
3590,0
3591,0
3592,0
3593,0
3594,0
3595,0
3596,0
3597,1
3598,1
3599,1
3600,1
3601,0
3602,0
3603,0
3604,0
3605,0
3606,0
3607,0
3608,0
3609,0
3610,0
3611,0
3612,0
3613,0
3614,0
3615,0
3616,0
3617,0
3618,0
3619,0
3620,0
3621,0
3622,0
3623,0
3624,0
3625,0
3626,0
3627,0
3628,0
3629,0
3630,0
3631,0
3632,0
3633,0
3634,0
3635,1
3636,0
3637,0
3638,0
3639,0
3640,1
3641,0
3642,0
3643,0
3644,0
3645,1
3646,1
3647,1
3648,1
3649,1
3650,1
3651,1
3652,1
3653,0
3654,0
3655,0
3656,0
3657,0
3658,0
3659,0
3660,0
3661,0
3662,0
3663,0
3664,0
3665,0
3666,0
3667,1
3668,1
3669,1
3670,0
3671,0
3672,0
3673,0
3674,0
3675,0
3676,0
3677,0
3678,0
3679,0
3680,0
3681,0
3682,0
3683,0
3684,0
3685,0
3686,0
3687,0
3688,0
3689,0
3690,0
3691,0
3692,0
3693,0
3694,0
3695,0
3696,0
3697,0
3698,0
3699,0
3700,0
3701,0
3702,1
3703,1
3704,1
3705,0
3706,0
3707,1
3708,1
3709,0
3710,0
3711,0
3712,0
3713,0
3714,0
3715,0
3716,0
3717,0
3718,0
3719,0
3720,0
3721,0
3722,0
3723,0
3724,0
3725,0
3726,0
3727,0
3728,0
3729,0
3730,0
3731,0
3732,0
3733,0
3734,0
3735,0
3736,0
3737,0
3738,0
3739,1
3740,0
3741,0
3742,0
3743,0
3744,0
3745,0
3746,1
3747,0
3748,0
3749,1
3750,1
3751,1
3752,1
3753,1
3754,1
3755,1
3756,1
3757,1
3758,0
3759,1
3760,0
3761,0
3762,0
3763,0
3764,0
3765,0
3766,0
3767,0
3768,0
3769,0
3770,0
3771,0
3772,1
3773,1
3774,1
3775,1
3776,0
3777,0
3778,0
3779,0
3780,0
3781,0
3782,0
3783,0
3784,0
3785,0
3786,0
3787,0
3788,0
3789,0
3790,0
3791,0
3792,0
3793,0
3794,0
3795,0
3796,0
3797,0
3798,0
3799,0
3800,0
3801,0
3802,0
3803,0
3804,0
3805,0
3806,1
3807,1
3808,1
3809,0
3810,0
3811,0
3812,0
3813,0
3814,0
3815,0
3816,0
3817,0
3818,0
3819,0
3820,0
3821,0
3822,0
3823,0
3824,0
3825,0
3826,0
3827,0
3828,0
3829,0
3830,0
3831,0
3832,0
3833,0
3834,0
3835,0
3836,0
3837,0
3838,0
3839,0
3840,0
3841,0
3842,0
3843,0
3844,1
3845,0
3846,0
3847,1
3848,0
3849,0
3850,0
3851,0
3852,0
3853,0
3854,1
3855,1
3856,1
3857,1
3858,1
3859,1
3860,1
3861,1
3862,1
3863,1
3864,1
3865,0
3866,0
3867,0
3868,0
3869,0
3870,0
3871,0
3872,0
3873,0
3874,0
3875,0
3876,0
3877,1
3878,1
3879,1
3880,0
3881,0
3882,0
3883,0
3884,0
3885,0
3886,0
3887,0
3888,0
3889,0
3890,0
3891,0
3892,0
3893,0
3894,0
3895,0
3896,0
3897,0
3898,0
3899,0
3900,0
3901,0
3902,0
3903,0
3904,0
3905,0
3906,0
3907,0
3908,0
3909,0
3910,0
3911,0
3912,1
3913,1
3914,0
3915,0
3916,0
3917,0
3918,0
3919,0
3920,0
3921,0
3922,0
3923,0
3924,0
3925,0
3926,0
3927,0
3928,0
3929,0
3930,0
3931,0
3932,0
3933,0
3934,0
3935,0
3936,0
3937,0
3938,0
3939,0
3940,0
3941,0
3942,1
3943,0
3944,0
3945,0
3946,0
3947,0
3948,0
3949,0
3950,0
3951,0
3952,0
3953,1
3954,0
3955,1
3956,0
3957,0
3958,0
3959,1
3960,1
3961,1
3962,1
3963,1
3964,1
3965,1
3966,1
3967,1
3968,1
3969,1
3970,1
3971,0
3972,0
3973,0
3974,0
3975,0
3976,1
3977,0
3978,0
3979,0
3980,0
3981,0
3982,0
3983,1
3984,1
3985,1
3986,0
3987,0
3988,0
3989,0
3990,0
3991,0
3992,0
3993,0
3994,0
3995,0
3996,0
3997,0
3998,1
3999,0
4000,0
4001,0
4002,0
4003,0
4004,0
4005,0
4006,0
4007,0
4008,0
4009,0
4010,0
4011,0
4012,0
4013,0
4014,0
4015,0
4016,0
4017,0
4018,0
4019,0
4020,0
4021,1
4022,1
4023,0
4024,0
4025,0
4026,0
4027,0
4028,1
4029,0
4030,0
4031,0
4032,1
4033,0
4034,0
4035,0
4036,0
4037,0
4038,0
4039,0
4040,0
4041,0
4042,0
4043,0
4044,0
4045,0
4046,0
4047,0
4048,0
4049,0
4050,0
4051,0
4052,0
4053,0
4054,0
4055,0
4056,0
4057,0
4058,0
4059,1
4060,0
4061,0
4062,0
4063,1
4064,0
4065,0
4066,0
4067,0
4068,1
4069,1
4070,1
4071,1
4072,1
4073,1
4074,1
4075,1
4076,1
4077,1
4078,1
4079,1
4080,1
4081,0
4082,0
4083,0
4084,0
4085,1
4086,1
4087,0
4088,0
4089,0
4090,0
4091,0
4092,1
4093,1
4094,1
4095,0
4096,0
4097,0
4098,0
4099,0
4100,0
4101,0
4102,0
4103,0
4104,0
4105,0
4106,0
4107,1
4108,0
4109,0
4110,0
4111,0
4112,0
4113,0
4114,0
4115,0
4116,0
4117,0
4118,0
4119,0
4120,0
4121,0
4122,0
4123,0
4124,0
4125,0
4126,0
4127,0
4128,0
4129,0
4130,0
4131,0
4132,1
4133,1
4134,0
4135,0
4136,0
4137,0
4138,0
4139,0
4140,0
4141,0
4142,0
4143,0
4144,0
4145,0
4146,0
4147,0
4148,0
4149,0
4150,0
4151,0
4152,0
4153,0
4154,0
4155,0
4156,0
4157,0
4158,0
4159,0
4160,0
4161,0
4162,0
4163,0
4164,0
4165,0
4166,0
4167,0
4168,0
4169,0
4170,0
4171,0
4172,0
4173,0
4174,0
4175,0
4176,1
4177,0
4178,0
4179,0
4180,1
4181,1
4182,1
4183,1
4184,1
4185,1
4186,1
4187,1
4188,1
4189,1
4190,1
4191,1
4192,1
4193,1
4194,0
4195,0
4196,1
4197,1
4198,0
4199,0
4200,0
4201,0
4202,0
4203,0
4204,1
4205,1
4206,0
4207,1
4208,0
4209,0
4210,0
4211,0
4212,0
4213,0
4214,0
4215,0
4216,0
4217,0
4218,0
4219,1
4220,0
4221,0
4222,0
4223,0
4224,0
4225,0
4226,0
4227,0
4228,0
4229,0
4230,0
4231,0
4232,0
4233,0
4234,0
4235,0
4236,0
4237,0
4238,0
4239,0
4240,0
4241,0
4242,0
4243,0
4244,0
4245,0
4246,0
4247,0
4248,0
4249,0
4250,0
4251,0
4252,0
4253,0
4254,0
4255,0
4256,0
4257,0
4258,0
4259,0
4260,0
4261,0
4262,0
4263,0
4264,0
4265,0
4266,0
4267,0
4268,0
4269,0
4270,0
4271,0
4272,0
4273,0
4274,0
4275,0
4276,0
4277,0
4278,0
4279,0
4280,0
4281,0
4282,0
4283,0
4284,0
4285,0
4286,0
4287,0
4288,0
4289,0
4290,0
4291,0
4292,0
4293,1
4294,1
4295,1
4296,1
4297,1
4298,1
4299,1
4300,1
4301,1
4302,1
4303,1
4304,1
4305,1
4306,1
4307,1
4308,0
4309,1
4310,1
4311,1
4312,0
4313,0
4314,0
4315,0
4316,0
4317,0
4318,1
4319,1
4320,0
4321,0
4322,0
4323,0
4324,0
4325,0
4326,0
4327,0
4328,0
4329,0
4330,0
4331,0
4332,1
4333,0
4334,0
4335,0
4336,0
4337,0
4338,0
4339,0
4340,0
4341,0
4342,0
4343,0
4344,0
4345,0
4346,0
4347,0
4348,0
4349,0
4350,0
4351,0
4352,0
4353,0
4354,0
4355,0
4356,0
4357,0
4358,0
4359,0
4360,0
4361,0
4362,0
4363,0
4364,0
4365,0
4366,0
4367,0
4368,0
4369,1
4370,0
4371,0
4372,0
4373,0
4374,0
4375,0
4376,0
4377,0
4378,0
4379,0
4380,0
4381,0
4382,0
4383,0
4384,0
4385,0
4386,0
4387,0
4388,0
4389,0
4390,0
4391,0
4392,1
4393,0
4394,0
4395,0
4396,0
4397,0
4398,0
4399,0
4400,0
4401,0
4402,0
4403,0
4404,0
4405,1
4406,0
4407,1
4408,1
4409,1
4410,1
4411,1
4412,1
4413,1
4414,1
4415,1
4416,1
4417,1
4418,1
4419,1
4420,1
4421,1
4422,1
4423,1
4424,1
4425,1
4426,0
4427,0
4428,0
4429,0
4430,0
4431,0
4432,1
4433,1
4434,0
4435,0
4436,0
4437,1
4438,0
4439,0
4440,0
4441,0
4442,0
4443,0
4444,0
4445,0
4446,0
4447,0
4448,0
4449,0
4450,0
4451,0
4452,0
4453,0
4454,0
4455,0
4456,0
4457,0
4458,0
4459,0
4460,0
4461,0
4462,0
4463,0
4464,0
4465,0
4466,0
4467,0
4468,0
4469,0
4470,0
4471,0
4472,0
4473,0
4474,0
4475,0
4476,0
4477,0
4478,0
4479,0
4480,0
4481,0
4482,0
4483,0
4484,0
4485,0
4486,0
4487,0
4488,0
4489,0
4490,0
4491,0
4492,0
4493,0
4494,0
4495,0
4496,0
4497,0
4498,0
4499,0
4500,0
4501,0
4502,0
4503,0
4504,0
4505,0
4506,0
4507,0
4508,0
4509,0
4510,0
4511,0
4512,0
4513,0
4514,0
4515,0
4516,0
4517,0
4518,0
4519,1
4520,1
4521,1
4522,1
4523,1
4524,1
4525,1
4526,1
4527,1
4528,1
4529,1
4530,0
4531,1
4532,1
4533,1
4534,1
4535,1
4536,1
4537,1
4538,1
4539,1
4540,1
4541,1
4542,0
4543,0
4544,0
4545,0
4546,0
4547,0
4548,1
4549,1
4550,0
4551,0
4552,0
4553,1
4554,0
4555,0
4556,0
4557,0
4558,0
4559,0
4560,0
4561,0
4562,0
4563,0
4564,0
4565,0
4566,0
4567,0
4568,0
4569,0
4570,0
4571,0
4572,0
4573,0
4574,0
4575,0
4576,0
4577,0
4578,0
4579,0
4580,0
4581,0
4582,0
4583,0
4584,0
4585,0
4586,0
4587,0
4588,0
4589,0
4590,0
4591,0
4592,0
4593,0
4594,0
4595,0
4596,0
4597,0
4598,0
4599,0
4600,0
4601,1
4602,1
4603,1
4604,0
4605,0
4606,0
4607,0
4608,0
4609,0
4610,0
4611,0
4612,0
4613,0
4614,0
4615,0
4616,0
4617,0
4618,0
4619,0
4620,0
4621,0
4622,0
4623,0
4624,0
4625,0
4626,0
4627,0
4628,0
4629,0
4630,0
4631,0
4632,0
4633,0
4634,0
4635,1
4636,1
4637,1
4638,1
4639,1
4640,1
4641,1
4642,1
4643,1
4644,1
4645,0
4646,0
4647,1
4648,1
4649,1
4650,1
4651,1
4652,1
4653,1
4654,1
4655,1
4656,1
4657,0
4658,0
4659,0
4660,0
4661,0
4662,0
4663,1
4664,1
4665,0
4666,0
4667,0
4668,0
4669,0
4670,0
4671,0
4672,0
4673,0
4674,0
4675,0
4676,0
4677,0
4678,0
4679,0
4680,0
4681,0
4682,0
4683,0
4684,0
4685,0
4686,0
4687,0
4688,0
4689,0
4690,0
4691,0
4692,0
4693,0
4694,0
4695,0
4696,0
4697,0
4698,0
4699,0
4700,0
4701,0
4702,0
4703,0
4704,0
4705,0
4706,0
4707,0
4708,0
4709,0
4710,0
4711,0
4712,0
4713,0
4714,0
4715,0
4716,0
4717,0
4718,0
4719,1
4720,0
4721,0
4722,0
4723,0
4724,0
4725,0
4726,0
4727,0
4728,0
4729,0
4730,0
4731,0
4732,0
4733,0
4734,0
4735,0
4736,0
4737,1
4738,0
4739,1
4740,0
4741,0
4742,0
4743,0
4744,0
4745,0
4746,0
4747,1
4748,1
4749,0
4750,0
4751,1
4752,1
4753,1
4754,1
4755,1
4756,1
4757,1
4758,1
4759,1
4760,1
4761,0
4762,0
4763,0
4764,1
4765,1
4766,1
4767,1
4768,1
4769,1
4770,1
4771,1
4772,1
4773,1
4774,0
4775,0
4776,0
4777,0
4778,0
4779,0
4780,1
4781,1
4782,0
4783,0
4784,0
4785,0
4786,0
4787,0
4788,0
4789,0
4790,0
4791,0
4792,0
4793,0
4794,0
4795,0
4796,0
4797,0
4798,0
4799,0
4800,0
4801,0
4802,0
4803,0
4804,0
4805,0
4806,0
4807,0
4808,0
4809,0
4810,0
4811,0
4812,0
4813,0
4814,0
4815,0
4816,0
4817,0
4818,0
4819,0
4820,0
4821,0
4822,0
4823,0
4824,0
4825,0
4826,0
4827,0
4828,0
4829,0
4830,0
4831,0
4832,0
4833,0
4834,1
4835,1
4836,0
4837,0
4838,0
4839,0
4840,0
4841,0
4842,0
4843,0
4844,0
4845,0
4846,0
4847,0
4848,0
4849,0
4850,0
4851,0
4852,0
4853,0
4854,0
4855,0
4856,0
4857,0
4858,0
4859,0
4860,0
4861,0
4862,0
4863,0
4864,0
4865,1
4866,0
4867,1
4868,1
4869,1
4870,1
4871,1
4872,1
4873,1
4874,1
4875,1
4876,1
4877,0
4878,0
4879,0
4880,0
4881,1
4882,1
4883,1
4884,1
4885,1
4886,1
4887,1
4888,1
4889,1
4890,0
4891,0
4892,0
4893,0
4894,0
4895,0
4896,1
4897,1
4898,1
4899,0
4900,0
4901,0
4902,0
4903,0
4904,0
4905,0
4906,0
4907,0
4908,0
4909,0
4910,0
4911,0
4912,0
4913,0
4914,0
4915,0
4916,0
4917,0
4918,0
4919,0
4920,0
4921,0
4922,0
4923,0
4924,0
4925,0
4926,0
4927,0
4928,0
4929,0
4930,0
4931,0
4932,0
4933,0
4934,0
4935,0
4936,0
4937,0
4938,0
4939,0
4940,0
4941,0
4942,0
4943,0
4944,0
4945,0
4946,0
4947,0
4948,0
4949,1
4950,1
4951,0
4952,1
4953,0
4954,0
4955,0
4956,0
4957,0
4958,0
4959,0
4960,0
4961,0
4962,0
4963,0
4964,0
4965,0
4966,0
4967,0
4968,0
4969,0
4970,0
4971,0
4972,0
4973,0
4974,0
4975,0
4976,0
4977,0
4978,0
4979,0
4980,0
4981,1
4982,0
4983,0
4984,1
4985,1
4986,1
4987,0
4988,1
4989,1
4990,1
4991,1
4992,1
4993,1
4994,1
4995,0
4996,0
4997,0
4998,0
4999,1
5000,1
5001,1
5002,1
5003,1
5004,1
5005,1
5006,1
5007,1
5008,0
5009,0
5010,0
5011,0
5012,0
5013,1
5014,1
5015,1
5016,0
5017,0
5018,0
5019,0
5020,0
5021,0
5022,0
5023,0
5024,0
5025,0
5026,0
5027,0
5028,0
5029,0
5030,0
5031,0
5032,0
5033,0
5034,0
5035,0
5036,0
5037,0
5038,0
5039,0
5040,0
5041,0
5042,0
5043,0
5044,0
5045,0
5046,0
5047,0
5048,0
5049,0
5050,0
5051,0
5052,0
5053,0
5054,0
5055,0
5056,0
5057,0
5058,0
5059,0
5060,0
5061,0
5062,0
5063,0
5064,0
5065,0
5066,0
5067,1
5068,1
5069,1
5070,1
5071,1
5072,0
5073,0
5074,0
5075,0
5076,0
5077,0
5078,0
5079,0
5080,0
5081,0
5082,0
5083,0
5084,0
5085,0
5086,0
5087,1
5088,0
5089,0
5090,0
5091,0
5092,0
5093,0
5094,0
5095,0
5096,0
5097,0
5098,0
5099,0
5100,1
5101,0
5102,0
5103,1
5104,1
5105,0
5106,1
5107,1
5108,1
5109,1
5110,1
5111,1
5112,1
5113,0
5114,0
5115,0
5116,0
5117,0
5118,1
5119,1
5120,1
5121,1
5122,1
5123,1
5124,1
5125,1
5126,0
5127,0
5128,0
5129,0
5130,0
5131,0
5132,1
5133,1
5134,1
5135,0
5136,0
5137,0
5138,0
5139,0
5140,0
5141,0
5142,0
5143,0
5144,0
5145,0
5146,0
5147,0
5148,0
5149,0
5150,0
5151,0
5152,0
5153,0
5154,0
5155,0
5156,0
5157,0
5158,0
5159,0
5160,0
5161,0
5162,0
5163,0
5164,0
5165,0
5166,0
5167,0
5168,0
5169,0
5170,0
5171,0
5172,0
5173,0
5174,0
5175,0
5176,0
5177,0
5178,0
5179,0
5180,0
5181,0
5182,0
5183,0
5184,0
5185,1
5186,1
5187,1
5188,0
5189,1
5190,0
5191,0
5192,0
5193,0
5194,0
5195,0
5196,0
5197,0
5198,0
5199,0
5200,0
5201,0
5202,0
5203,0
5204,0
5205,0
5206,0
5207,0
5208,0
5209,0
5210,0
5211,0
5212,0
5213,0
5214,0
5215,0
5216,0
5217,1
5218,0
5219,0
5220,0
5221,1
5222,1
5223,1
5224,0
5225,1
5226,1
5227,1
5228,1
5229,1
5230,1
5231,1
5232,0
5233,0
5234,0
5235,0
5236,1
5237,1
5238,1
5239,1
5240,1
5241,1
5242,1
5243,1
5244,0
5245,0
5246,0
5247,0
5248,0
5249,0
5250,1
5251,1
5252,1
5253,0
5254,0
5255,0
5256,0
5257,0
5258,0
5259,0
5260,0
5261,0
5262,0
5263,0
5264,0
5265,0
5266,0
5267,0
5268,0
5269,0
5270,0
5271,0
5272,0
5273,0
5274,0
5275,0
5276,0
5277,0
5278,0
5279,0
5280,0
5281,0
5282,1
5283,0
5284,0
5285,0
5286,0
5287,0
5288,0
5289,0
5290,0
5291,0
5292,0
5293,0
5294,0
5295,0
5296,0
5297,0
5298,0
5299,0
5300,0
5301,0
5302,0
5303,0
5304,1
5305,1
5306,1
5307,1
5308,0
5309,0
5310,0
5311,0
5312,0
5313,0
5314,0
5315,0
5316,0
5317,0
5318,0
5319,0
5320,0
5321,0
5322,0
5323,0
5324,0
5325,0
5326,0
5327,0
5328,0
5329,0
5330,0
5331,0
5332,0
5333,0
5334,0
5335,0
5336,0
5337,0
5338,1
5339,0
5340,0
5341,1
5342,1
5343,0
5344,1
5345,1
5346,1
5347,1
5348,1
5349,1
5350,1
5351,0
5352,0
5353,0
5354,0
5355,0
5356,1
5357,1
5358,1
5359,1
5360,1
5361,1
5362,0
5363,0
5364,0
5365,0
5366,0
5367,0
5368,0
5369,1
5370,1
5371,1
5372,1
5373,0
5374,0
5375,0
5376,0
5377,0
5378,0
5379,0
5380,0
5381,0
5382,0
5383,0
5384,0
5385,0
5386,0
5387,0
5388,0
5389,0
5390,0
5391,0
5392,0
5393,0
5394,0
5395,0
5396,0
5397,0
5398,0
5399,0
5400,0
5401,0
5402,0
5403,0
5404,0
5405,0
5406,0
5407,0
5408,0
5409,0
5410,0
5411,0
5412,0
5413,0
5414,0
5415,0
5416,0
5417,0
5418,0
5419,0
5420,0
5421,0
5422,0
5423,1
5424,1
5425,1
5426,1
5427,0
5428,0
5429,0
5430,1
5431,0
5432,0
5433,0
5434,1
5435,0
5436,0
5437,0
5438,0
5439,0
5440,0
5441,0
5442,0
5443,0
5444,0
5445,0
5446,0
5447,0
5448,0
5449,0
5450,1
5451,0
5452,0
5453,0
5454,0
5455,0
5456,0
5457,0
5458,0
5459,0
5460,0
5461,0
5462,1
5463,1
5464,1
5465,1
5466,1
5467,1
5468,1
5469,1
5470,1
5471,0
5472,0
5473,0
5474,0
5475,0
5476,1
5477,1
5478,1
5479,1
5480,1
5481,0
5482,0
5483,0
5484,0
5485,0
5486,0
5487,1
5488,1
5489,1
5490,1
5491,1
5492,0
5493,0
5494,0
5495,0
5496,0
5497,0
5498,0
5499,0
5500,0
5501,0
5502,0
5503,0
5504,0
5505,0
5506,0
5507,0
5508,0
5509,0
5510,0
5511,0
5512,0
5513,0
5514,0
5515,0
5516,0
5517,0
5518,0
5519,0
5520,0
5521,1
5522,0
5523,0
5524,0
5525,0
5526,0
5527,0
5528,0
5529,0
5530,0
5531,0
5532,0
5533,0
5534,1
5535,0
5536,0
5537,0
5538,0
5539,0
5540,0
5541,0
5542,0
5543,1
5544,1
5545,1
5546,1
5547,1
5548,0
5549,0
5550,0
5551,1
5552,0
5553,0
5554,0
5555,0
5556,0
5557,0
5558,0
5559,0
5560,0
5561,0
5562,0
5563,0
5564,0
5565,0
5566,0
5567,0
5568,0
5569,0
5570,0
5571,0
5572,0
5573,0
5574,0
5575,1
5576,0
5577,1
5578,0
5579,1
5580,0
5581,0
5582,0
5583,1
5584,1
5585,1
5586,1
5587,1
5588,1
5589,1
5590,1
5591,0
5592,0
5593,0
5594,0
5595,0
5596,1
5597,1
5598,1
5599,1
5600,1
5601,0
5602,0
5603,0
5604,0
5605,0
5606,0
5607,0
5608,1
5609,1
5610,1
5611,1
5612,1
5613,0
5614,0
5615,0
5616,0
5617,0
5618,0
5619,0
5620,0
5621,0
5622,0
5623,0
5624,0
5625,0
5626,0
5627,0
5628,0
5629,0
5630,0
5631,0
5632,0
5633,0
5634,0
5635,0
5636,0
5637,0
5638,0
5639,0
5640,0
5641,1
5642,0
5643,0
5644,0
5645,0
5646,0
5647,0
5648,0
5649,0
5650,0
5651,0
5652,0
5653,0
5654,1
5655,0
5656,0
5657,0
5658,0
5659,0
5660,0
5661,0
5662,0
5663,0
5664,1
5665,1
5666,1
5667,1
5668,0
5669,0
5670,1
5671,1
5672,1
5673,0
5674,1
5675,0
5676,0
5677,0
5678,1
5679,0
5680,0
5681,0
5682,0
5683,0
5684,0
5685,0
5686,0
5687,0
5688,0
5689,0
5690,1
5691,0
5692,0
5693,0
5694,0
5695,0
5696,0
5697,0
5698,0
5699,0
5700,0
5701,0
5702,0
5703,1
5704,1
5705,1
5706,1
5707,1
5708,1
5709,1
5710,1
5711,1
5712,0
5713,0
5714,0
5715,0
5716,0
5717,1
5718,1
5719,1
5720,1
5721,0
5722,0
5723,0
5724,0
5725,0
5726,0
5727,0
5728,1
5729,1
5730,1
5731,1
5732,1
5733,0
5734,0
5735,0
5736,0
5737,0
5738,0
5739,0
5740,0
5741,0
5742,1
5743,0
5744,0
5745,0
5746,0
5747,0
5748,0
5749,0
5750,0
5751,0
5752,0
5753,0
5754,0
5755,0
5756,0
5757,0
5758,0
5759,0
5760,0
5761,0
5762,0
5763,0
5764,0
5765,0
5766,0
5767,0
5768,0
5769,0
5770,0
5771,0
5772,0
5773,0
5774,0
5775,1
5776,1
5777,0
5778,0
5779,0
5780,0
5781,0
5782,0
5783,0
5784,0
5785,1
5786,1
5787,1
5788,1
5789,1
5790,0
5791,0
5792,0
5793,1
5794,1
5795,1
5796,0
5797,0
5798,0
5799,0
5800,0
5801,0
5802,0
5803,0
5804,0
5805,0
5806,0
5807,0
5808,0
5809,0
5810,0
5811,0
5812,0
5813,0
5814,0
5815,0
5816,1
5817,1
5818,0
5819,0
5820,1
5821,1
5822,0
5823,0
5824,0
5825,1
5826,1
5827,1
5828,1
5829,1
5830,1
5831,1
5832,1
5833,1
5834,0
5835,1
5836,0
5837,0
5838,1
5839,1
5840,1
5841,1
5842,0
5843,0
5844,0
5845,0
5846,0
5847,0
5848,0
5849,1
5850,1
5851,1
5852,1
5853,1
5854,0
5855,0
5856,0
5857,0
5858,0
5859,0
5860,0
5861,0
5862,0
5863,0
5864,0
5865,0
5866,0
5867,0
5868,0
5869,0
5870,0
5871,0
5872,0
5873,0
5874,0
5875,0
5876,0
5877,0
5878,0
5879,0
5880,0
5881,0
5882,0
5883,0
5884,0
5885,0
5886,0
5887,0
5888,0
5889,0
5890,0
5891,0
5892,0
5893,0
5894,0
5895,0
5896,1
5897,1
5898,0
5899,0
5900,0
5901,0
5902,0
5903,0
5904,0
5905,0
5906,0
5907,1
5908,1
5909,1
5910,1
5911,1
5912,0
5913,0
5914,1
5915,1
5916,1
5917,0
5918,0
5919,0
5920,0
5921,0
5922,0
5923,0
5924,0
5925,0
5926,0
5927,0
5928,0
5929,0
5930,0
5931,0
5932,1
5933,0
5934,0
5935,0
5936,0
5937,0
5938,0
5939,0
5940,0
5941,0
5942,1
5943,0
5944,0
5945,0
5946,0
5947,1
5948,1
5949,1
5950,1
5951,1
5952,1
5953,1
5954,1
5955,1
5956,0
5957,0
5958,0
5959,0
5960,1
5961,1
5962,1
5963,1
5964,0
5965,0
5966,0
5967,0
5968,0
5969,0
5970,0
5971,1
5972,1
5973,1
5974,1
5975,0
5976,0
5977,0
5978,0
5979,0
5980,1
5981,1
5982,0
5983,0
5984,0
5985,0
5986,0
5987,0
5988,1
5989,0
5990,0
5991,0
5992,1
5993,0
5994,0
5995,0
5996,0
5997,0
5998,0
5999,0
6000,0
6001,0
6002,0
6003,0
6004,0
6005,0
6006,0
6007,0
6008,0
6009,0
6010,0
6011,0
6012,0
6013,0
6014,0
6015,0
6016,0
6017,0
6018,1
6019,1
6020,1
6021,0
6022,0
6023,0
6024,0
6025,0
6026,0
6027,0
6028,0
6029,1
6030,1
6031,1
6032,1
6033,1
6034,1
6035,0
6036,1
6037,1
6038,1
6039,0
6040,1
6041,0
6042,0
6043,0
6044,0
6045,0
6046,0
6047,0
6048,0
6049,0
6050,0
6051,0
6052,0
6053,0
6054,0
6055,1
6056,0
6057,0
6058,0
6059,0
6060,0
6061,0
6062,0
6063,0
6064,0
6065,0
6066,1
6067,0
6068,1
6069,0
6070,1
6071,1
6072,1
6073,1
6074,1
6075,1
6076,1
6077,1
6078,0
6079,0
6080,0
6081,0
6082,1
6083,1
6084,1
6085,1
6086,0
6087,0
6088,0
6089,0
6090,0
6091,0
6092,0
6093,1
6094,1
6095,1
6096,1
6097,1
6098,0
6099,0
6100,0
6101,0
6102,0
6103,1
6104,0
6105,0
6106,0
6107,0
6108,0
6109,0
6110,0
6111,1
6112,0
6113,0
6114,0
6115,0
6116,0
6117,0
6118,0
6119,0
6120,0
6121,0
6122,0
6123,0
6124,0
6125,0
6126,0
6127,0
6128,0
6129,0
6130,0
6131,0
6132,0
6133,0
6134,0
6135,0
6136,0
6137,0
6138,0
6139,0
6140,0
6141,1
6142,1
6143,1
6144,0
6145,0
6146,0
6147,0
6148,0
6149,0
6150,0
6151,0
6152,0
6153,1
6154,1
6155,1
6156,1
6157,1
6158,1
6159,1
6160,1
6161,1
6162,0
6163,0
6164,0
6165,0
6166,0
6167,0
6168,0
6169,0
6170,0
6171,0
6172,0
6173,0
6174,0
6175,0
6176,0
6177,0
6178,0
6179,0
6180,0
6181,0
6182,0
6183,0
6184,0
6185,0
6186,0
6187,0
6188,0
6189,1
6190,0
6191,0
6192,0
6193,1
6194,1
6195,1
6196,1
6197,1
6198,1
6199,1
6200,1
6201,1
6202,0
6203,0
6204,0
6205,1
6206,1
6207,1
6208,1
6209,1
6210,0
6211,0
6212,0
6213,0
6214,0
6215,0
6216,0
6217,1
6218,1
6219,1
6220,1
6221,0
6222,0
6223,0
6224,0
6225,0
6226,0
6227,0
6228,0
6229,0
6230,0
6231,1
6232,0
6233,0
6234,1
6235,1
6236,0
6237,1
6238,0
6239,0
6240,0
6241,0
6242,0
6243,0
6244,0
6245,0
6246,0
6247,0
6248,0
6249,0
6250,0
6251,0
6252,0
6253,0
6254,0
6255,0
6256,0
6257,0
6258,0
6259,0
6260,0
6261,0
6262,0
6263,0
6264,0
6265,1
6266,1
6267,1
6268,1
6269,0
6270,0
6271,0
6272,0
6273,0
6274,0
6275,0
6276,0
6277,1
6278,1
6279,1
6280,1
6281,1
6282,1
6283,1
6284,1
6285,1
6286,0
6287,0
6288,0
6289,0
6290,0
6291,0
6292,0
6293,0
6294,0
6295,0
6296,0
6297,0
6298,0
6299,0
6300,0
6301,1
6302,0
6303,0
6304,0
6305,0
6306,0
6307,0
6308,0
6309,0
6310,0
6311,0
6312,0
6313,1
6314,1
6315,0
6316,0
6317,0
6318,1
6319,1
6320,1
6321,1
6322,1
6323,1
6324,1
6325,1
6326,1
6327,0
6328,0
6329,1
6330,1
6331,1
6332,1
6333,1
6334,0
6335,0
6336,0
6337,0
6338,0
6339,0
6340,0
6341,1
6342,1
6343,1
6344,1
6345,1
6346,0
6347,0
6348,0
6349,0
6350,0
6351,0
6352,0
6353,0
6354,0
6355,0
6356,0
6357,0
6358,0
6359,1
6360,0
6361,0
6362,1
6363,0
6364,0
6365,0
6366,0
6367,0
6368,0
6369,0
6370,0
6371,0
6372,0
6373,0
6374,0
6375,0
6376,0
6377,0
6378,0
6379,0
6380,0
6381,0
6382,0
6383,0
6384,0
6385,0
6386,0
6387,0
6388,0
6389,0
6390,1
6391,1
6392,1
6393,1
6394,0
6395,0
6396,0
6397,0
6398,0
6399,0
6400,0
6401,0
6402,0
6403,1
6404,1
6405,1
6406,1
6407,1
6408,1
6409,1
6410,1
6411,1
6412,0
6413,0
6414,0
6415,0
6416,0
6417,0
6418,0
6419,0
6420,0
6421,0
6422,1
6423,0
6424,1
6425,0
6426,0
6427,0
6428,0
6429,0
6430,0
6431,0
6432,0
6433,0
6434,0
6435,1
6436,0
6437,1
6438,1
6439,0
6440,0
6441,1
6442,0
6443,0
6444,1
6445,1
6446,1
6447,1
6448,1
6449,1
6450,1
6451,1
6452,0
6453,0
6454,1
6455,1
6456,1
6457,1
6458,1
6459,1
6460,0
6461,0
6462,0
6463,0
6464,0
6465,0
6466,0
6467,1
6468,1
6469,1
6470,1
6471,0
6472,0
6473,0
6474,0
6475,0
6476,0
6477,0
6478,0
6479,0
6480,0
6481,0
6482,1
6483,0
6484,0
6485,1
6486,0
6487,0
6488,1
6489,0
6490,0
6491,0
6492,0
6493,0
6494,0
6495,0
6496,0
6497,0
6498,0
6499,0
6500,0
6501,0
6502,0
6503,0
6504,0
6505,0
6506,0
6507,0
6508,0
6509,0
6510,0
6511,0
6512,0
6513,0
6514,0
6515,1
6516,1
6517,1
6518,1
6519,1
6520,1
6521,0
6522,0
6523,0
6524,0
6525,0
6526,0
6527,0
6528,0
6529,1
6530,1
6531,0
6532,1
6533,1
6534,1
6535,1
6536,1
6537,1
6538,0
6539,0
6540,0
6541,0
6542,0
6543,1
6544,0
6545,0
6546,0
6547,0
6548,0
6549,0
6550,1
6551,0
6552,0
6553,0
6554,0
6555,0
6556,0
6557,0
6558,0
6559,0
6560,0
6561,0
6562,1
6563,1
6564,1
6565,0
6566,0
6567,0
6568,0
6569,0
6570,1
6571,1
6572,1
6573,1
6574,1
6575,1
6576,1
6577,1
6578,1
6579,0
6580,1
6581,1
6582,1
6583,1
6584,1
6585,1
6586,0
6587,0
6588,0
6589,0
6590,0
6591,0
6592,0
6593,1
6594,1
6595,1
6596,1
6597,1
6598,0
6599,0
6600,0
6601,0
6602,0
6603,0
6604,0
6605,0
6606,1
6607,0
6608,0
6609,0
6610,0
6611,1
6612,0
6613,0
6614,1
6615,0
6616,0
6617,0
6618,0
6619,0
6620,0
6621,0
6622,0
6623,0
6624,0
6625,0
6626,0
6627,0
6628,0
6629,0
6630,0
6631,0
6632,0
6633,0
6634,0
6635,0
6636,0
6637,0
6638,0
6639,0
6640,0
6641,0
6642,1
6643,1
6644,1
6645,1
6646,1
6647,1
6648,0
6649,0
6650,0
6651,0
6652,0
6653,1
6654,0
6655,0
6656,0
6657,1
6658,0
6659,0
6660,1
6661,1
6662,1
6663,1
6664,1
6665,1
6666,0
6667,1
6668,0
6669,0
6670,0
6671,0
6672,0
6673,0
6674,0
6675,0
6676,1
6677,0
6678,0
6679,1
6680,0
6681,0
6682,0
6683,0
6684,0
6685,0
6686,0
6687,0
6688,0
6689,1
6690,1
6691,1
6692,1
6693,0
6694,1
6695,1
6696,1
6697,0
6698,1
6699,1
6700,1
6701,1
6702,1
6703,1
6704,1
6705,1
6706,1
6707,1
6708,1
6709,1
6710,1
6711,1
6712,1
6713,1
6714,0
6715,0
6716,0
6717,0
6718,0
6719,0
6720,0
6721,1
6722,1
6723,1
6724,1
6725,0
6726,0
6727,0
6728,0
6729,0
6730,0
6731,0
6732,0
6733,0
6734,1
6735,0
6736,0
6737,0
6738,0
6739,0
6740,0
6741,1
6742,0
6743,1
6744,0
6745,0
6746,0
6747,0
6748,0
6749,0
6750,0
6751,0
6752,0
6753,0
6754,0
6755,0
6756,0
6757,0
6758,0
6759,0
6760,0
6761,0
6762,0
6763,0
6764,0
6765,0
6766,0
6767,0
6768,0
6769,0
6770,0
6771,1
6772,1
6773,1
6774,1
6775,1
6776,1
6777,1
6778,0
6779,0
6780,0
6781,0
6782,0
6783,0
6784,0
6785,0
6786,0
6787,0
6788,0
6789,0
6790,1
6791,1
6792,1
6793,1
6794,1
6795,0
6796,0
6797,0
6798,0
6799,1
6800,1
6801,0
6802,0
6803,0
6804,0
6805,0
6806,0
6807,0
6808,0
6809,1
6810,0
6811,0
6812,0
6813,0
6814,0
6815,0
6816,0
6817,1
6818,1
6819,1
6820,1
6821,1
6822,0
6823,0
6824,0
6825,1
6826,0
6827,1
6828,1
6829,1
6830,1
6831,1
6832,1
6833,1
6834,1
6835,1
6836,1
6837,1
6838,1
6839,1
6840,1
6841,1
6842,1
6843,0
6844,0
6845,0
6846,0
6847,0
6848,0
6849,0
6850,1
6851,1
6852,1
6853,1
6854,1
6855,0
6856,0
6857,0
6858,0
6859,0
6860,0
6861,0
6862,0
6863,1
6864,1
6865,0
6866,0
6867,1
6868,0
6869,0
6870,1
6871,1
6872,1
6873,0
6874,0
6875,0
6876,0
6877,0
6878,0
6879,0
6880,0
6881,0
6882,0
6883,0
6884,0
6885,0
6886,0
6887,0
6888,0
6889,0
6890,0
6891,0
6892,0
6893,0
6894,0
6895,0
6896,0
6897,0
6898,0
6899,0
6900,0
6901,0
6902,1
6903,1
6904,1
6905,1
6906,1
6907,1
6908,0
6909,0
6910,0
6911,0
6912,0
6913,0
6914,0
6915,1
6916,0
6917,0
6918,0
6919,0
6920,1
6921,1
6922,1
6923,1
6924,1
6925,1
6926,0
6927,0
6928,1
6929,0
6930,1
6931,0
6932,0
6933,0
6934,1
6935,0
6936,1
6937,0
6938,0
6939,0
6940,0
6941,0
6942,0
6943,0
6944,0
6945,0
6946,1
6947,0
6948,1
6949,1
6950,1
6951,1
6952,1
6953,0
6954,0
6955,0
6956,0
6957,0
6958,1
6959,1
6960,1
6961,1
6962,1
6963,1
6964,1
6965,1
6966,1
6967,1
6968,1
6969,1
6970,1
6971,1
6972,1
6973,1
6974,0
6975,0
6976,1
6977,0
6978,0
6979,0
6980,0
6981,1
6982,1
6983,1
6984,1
6985,0
6986,0
6987,0
6988,0
6989,0
6990,0
6991,0
6992,1
6993,0
6994,1
6995,1
6996,1
6997,1
6998,0
6999,0
7000,1
7001,1
7002,0
7003,0
7004,0
7005,0
7006,0
7007,0
7008,0
7009,0
7010,0
7011,0
7012,0
7013,0
7014,0
7015,0
7016,0
7017,0
7018,0
7019,0
7020,0
7021,0
7022,0
7023,0
7024,0
7025,0
7026,0
7027,0
7028,0
7029,0
7030,0
7031,0
7032,0
7033,0
7034,1
7035,1
7036,1
7037,1
7038,1
7039,0
7040,0
7041,0
7042,0
7043,0
7044,0
7045,0
7046,0
7047,1
7048,0
7049,0
7050,0
7051,0
7052,1
7053,1
7054,1
7055,1
7056,1
7057,1
7058,0
7059,0
7060,0
7061,1
7062,0
7063,0
7064,0
7065,0
7066,0
7067,1
7068,0
7069,0
7070,1
7071,0
7072,0
7073,0
7074,0
7075,0
7076,0
7077,0
7078,0
7079,1
7080,1
7081,1
7082,1
7083,1
7084,0
7085,0
7086,0
7087,0
7088,0
7089,1
7090,1
7091,1
7092,1
7093,1
7094,1
7095,1
7096,1
7097,1
7098,1
7099,1
7100,1
7101,1
7102,1
7103,1
7104,1
7105,0
7106,0
7107,1
7108,1
7109,0
7110,0
7111,0
7112,1
7113,1
7114,1
7115,1
7116,1
7117,0
7118,0
7119,0
7120,0
7121,0
7122,0
7123,0
7124,0
7125,1
7126,1
7127,1
7128,0
7129,0
7130,1
7131,1
7132,0
7133,0
7134,0
7135,0
7136,0
7137,0
7138,0
7139,0
7140,0
7141,0
7142,0
7143,0
7144,0
7145,0
7146,0
7147,0
7148,0
7149,0
7150,0
7151,0
7152,0
7153,0
7154,0
7155,0
7156,0
7157,0
7158,0
7159,0
7160,0
7161,0
7162,0
7163,0
7164,0
7165,0
7166,0
7167,0
7168,1
7169,1
7170,1
7171,1
7172,1
7173,0
7174,0
7175,0
7176,0
7177,0
7178,0
7179,0
7180,1
7181,0
7182,0
7183,0
7184,0
7185,0
7186,1
7187,1
7188,1
7189,1
7190,1
7191,0
7192,0
7193,1
7194,1
7195,1
7196,0
7197,0
7198,0
7199,0
7200,1
7201,0
7202,0
7203,0
7204,1
7205,0
7206,0
7207,0
7208,0
7209,0
7210,0
7211,0
7212,0
7213,0
7214,1
7215,1
7216,1
7217,1
7218,0
7219,0
7220,0
7221,0
7222,1
7223,1
7224,1
7225,1
7226,1
7227,1
7228,1
7229,1
7230,1
7231,1
7232,1
7233,1
7234,1
7235,1
7236,0
7237,1
7238,0
7239,0
7240,0
7241,1
7242,0
7243,0
7244,0
7245,1
7246,1
7247,1
7248,1
7249,1
7250,0
7251,0
7252,0
7253,0
7254,0
7255,0
7256,0
7257,0
7258,1
7259,1
7260,1
7261,1
7262,0
7263,0
7264,1
7265,0
7266,0
7267,0
7268,0
7269,0
7270,0
7271,0
7272,0
7273,0
7274,0
7275,0
7276,0
7277,0
7278,0
7279,0
7280,0
7281,0
7282,0
7283,0
7284,0
7285,0
7286,0
7287,0
7288,0
7289,0
7290,0
7291,0
7292,0
7293,0
7294,0
7295,0
7296,0
7297,0
7298,0
7299,0
7300,0
7301,0
7302,0
7303,0
7304,0
7305,0
7306,0
7307,0
7308,0
7309,0
7310,0
7311,0
7312,0
7313,0
7314,0
7315,0
7316,0
7317,0
7318,0
7319,0
7320,1
7321,1
7322,1
7323,1
7324,1
7325,1
7326,0
7327,0
7328,0
7329,0
7330,0
7331,0
7332,0
7333,0
7334,0
7335,1
7336,0
7337,0
7338,0
7339,0
7340,0
7341,0
7342,0
7343,0
7344,0
7345,0
7346,0
7347,0
7348,0
7349,1
7350,1
7351,1
7352,1
7353,0
7354,0
7355,0
7356,1
7357,1
7358,1
7359,1
7360,1
7361,1
7362,1
7363,1
7364,1
7365,1
7366,1
7367,1
7368,1
7369,1
7370,0
7371,0
7372,1
7373,0
7374,0
7375,1
7376,1
7377,0
7378,0
7379,1
7380,1
7381,1
7382,1
7383,1
7384,1
7385,0
7386,0
7387,0
7388,0
7389,0
7390,0
7391,0
7392,0
7393,1
7394,0
7395,0
7396,0
7397,0
7398,0
7399,1
7400,1
7401,0
7402,0
7403,0
7404,0
7405,0
7406,0
7407,0
7408,0
7409,0
7410,0
7411,0
7412,0
7413,0
7414,0
7415,0
7416,0
7417,0
7418,0
7419,0
7420,0
7421,0
7422,0
7423,0
7424,0
7425,0
7426,0
7427,0
7428,0
7429,0
7430,0
7431,0
7432,0
7433,0
7434,0
7435,0
7436,0
7437,0
7438,0
7439,0
7440,0
7441,0
7442,0
7443,0
7444,0
7445,0
7446,0
7447,0
7448,0
7449,0
7450,0
7451,0
7452,0
7453,0
7454,1
7455,0
7456,1
7457,1
7458,1
7459,1
7460,1
7461,0
7462,0
7463,0
7464,0
7465,0
7466,0
7467,0
7468,0
7469,0
7470,0
7471,1
7472,1
7473,0
7474,0
7475,1
7476,0
7477,0
7478,0
7479,0
7480,0
7481,0
7482,0
7483,0
7484,0
7485,1
7486,1
7487,1
7488,1
7489,0
7490,0
7491,1
7492,1
7493,1
7494,1
7495,1
7496,1
7497,1
7498,1
7499,1
7500,1
7501,1
7502,1
7503,1
7504,1
7505,0
7506,0
7507,0
7508,0
7509,0
7510,0
7511,1
7512,1
7513,1
7514,1
7515,1
7516,1
7517,1
7518,1
7519,1
7520,0
7521,0
7522,0
7523,0
7524,0
7525,0
7526,0
7527,0
7528,1
7529,0
7530,0
7531,0
7532,0
7533,0
7534,0
7535,1
7536,1
7537,0
7538,0
7539,0
7540,0
7541,0
7542,0
7543,0
7544,0
7545,0
7546,0
7547,0
7548,0
7549,0
7550,0
7551,0
7552,0
7553,0
7554,0
7555,0
7556,0
7557,0
7558,0
7559,0
7560,0
7561,0
7562,0
7563,0
7564,0
7565,0
7566,0
7567,0
7568,0
7569,0
7570,0
7571,0
7572,0
7573,0
7574,0
7575,0
7576,0
7577,0
7578,0
7579,0
7580,0
7581,0
7582,0
7583,0
7584,0
7585,0
7586,0
7587,0
7588,0
7589,0
7590,0
7591,0
7592,1
7593,1
7594,1
7595,1
7596,1
7597,1
7598,0
7599,0
7600,0
7601,0
7602,0
7603,0
7604,0
7605,1
7606,0
7607,0
7608,0
7609,0
7610,1
7611,0
7612,0
7613,0
7614,0
7615,0
7616,1
7617,0
7618,0
7619,0
7620,0
7621,0
7622,1
7623,1
7624,1
7625,1
7626,0
7627,1
7628,1
7629,1
7630,1
7631,1
7632,1
7633,1
7634,1
7635,1
7636,1
7637,1
7638,1
7639,1
7640,1
7641,0
7642,0
7643,0
7644,0
7645,0
7646,0
7647,1
7648,1
7649,1
7650,1
7651,1
7652,1
7653,1
7654,1
7655,1
7656,1
7657,0
7658,0
7659,1
7660,0
7661,0
7662,0
7663,0
7664,1
7665,1
7666,0
7667,0
7668,0
7669,0
7670,0
7671,0
7672,1
7673,1
7674,0
7675,0
7676,0
7677,0
7678,0
7679,0
7680,0
7681,0
7682,0
7683,0
7684,0
7685,0
7686,0
7687,0
7688,0
7689,0
7690,0
7691,0
7692,0
7693,0
7694,0
7695,0
7696,0
7697,0
7698,0
7699,0
7700,0
7701,0
7702,0
7703,0
7704,0
7705,0
7706,0
7707,0
7708,0
7709,0
7710,0
7711,0
7712,0
7713,0
7714,0
7715,0
7716,0
7717,0
7718,0
7719,0
7720,0
7721,0
7722,0
7723,0
7724,0
7725,0
7726,0
7727,0
7728,1
7729,1
7730,1
7731,1
7732,1
7733,1
7734,1
7735,0
7736,0
7737,0
7738,0
7739,0
7740,0
7741,0
7742,0
7743,0
7744,0
7745,0
7746,0
7747,0
7748,1
7749,0
7750,0
7751,0
7752,1
7753,1
7754,0
7755,0
7756,0
7757,0
7758,1
7759,1
7760,1
7761,1
7762,1
7763,1
7764,1
7765,1
7766,1
7767,1
7768,1
7769,1
7770,1
7771,1
7772,1
7773,1
7774,1
7775,1
7776,1
7777,1
7778,0
7779,0
7780,0
7781,0
7782,0
7783,0
7784,1
7785,1
7786,1
7787,1
7788,0
7789,1
7790,1
7791,1
7792,1
7793,0
7794,0
7795,1
7796,1
7797,0
7798,0
7799,0
7800,0
7801,1
7802,0
7803,0
7804,0
7805,0
7806,0
7807,0
7808,1
7809,1
7810,0
7811,0
7812,0
7813,0
7814,0
7815,0
7816,1
7817,0
7818,0
7819,0
7820,0
7821,1
7822,0
7823,0
7824,0
7825,0
7826,0
7827,0
7828,0
7829,0
7830,0
7831,0
7832,0
7833,0
7834,0
7835,0
7836,0
7837,0
7838,0
7839,0
7840,0
7841,0
7842,0
7843,0
7844,0
7845,0
7846,0
7847,0
7848,0
7849,0
7850,0
7851,0
7852,0
7853,0
7854,0
7855,0
7856,0
7857,0
7858,0
7859,0
7860,0
7861,0
7862,0
7863,0
7864,0
7865,0
7866,1
7867,1
7868,1
7869,1
7870,1
7871,1
7872,1
7873,0
7874,0
7875,0
7876,0
7877,0
7878,0
7879,0
7880,0
7881,0
7882,1
7883,0
7884,1
7885,0
7886,0
7887,0
7888,0
7889,0
7890,1
7891,1
7892,0
7893,0
7894,0
7895,0
7896,1
7897,1
7898,1
7899,1
7900,1
7901,1
7902,1
7903,1
7904,1
7905,1
7906,1
7907,1
7908,1
7909,1
7910,1
7911,1
7912,1
7913,1
7914,1
7915,0
7916,0
7917,0
7918,0
7919,0
7920,0
7921,0
7922,1
7923,1
7924,1
7925,0
7926,0
7927,1
7928,1
7929,1
7930,1
7931,0
7932,1
7933,1
7934,0
7935,0
7936,0
7937,0
7938,0
7939,0
7940,0
7941,0
7942,0
7943,0
7944,0
7945,1
7946,1
7947,1
7948,0
7949,0
7950,0
7951,0
7952,0
7953,0
7954,0
7955,0
7956,0
7957,0
7958,0
7959,0
7960,0
7961,0
7962,0
7963,0
7964,0
7965,0
7966,0
7967,0
7968,0
7969,0
7970,0
7971,0
7972,0
7973,0
7974,0
7975,0
7976,0
7977,0
7978,0
7979,0
7980,0
7981,0
7982,0
7983,0
7984,0
7985,0
7986,0
7987,0
7988,0
7989,0
7990,0
7991,0
7992,0
7993,0
7994,1
7995,0
7996,0
7997,0
7998,0
7999,0
8000,0
8001,0
8002,0
8003,0
8004,1
8005,1
8006,1
8007,1
8008,1
8009,1
8010,1
8011,1
8012,0
8013,0
8014,0
8015,0
8016,0
8017,0
8018,0
8019,0
8020,0
8021,1
8022,0
8023,0
8024,0
8025,0
8026,0
8027,0
8028,1
8029,1
8030,1
8031,0
8032,0
8033,0
8034,1
8035,1
8036,1
8037,1
8038,1
8039,1
8040,1
8041,1
8042,1
8043,1
8044,1
8045,1
8046,1
8047,1
8048,1
8049,1
8050,1
8051,1
8052,1
8053,1
8054,0
8055,0
8056,0
8057,0
8058,0
8059,0
8060,1
8061,1
8062,1
8063,1
8064,0
8065,0
8066,1
8067,1
8068,1
8069,1
8070,1
8071,1
8072,1
8073,0
8074,0
8075,0
8076,1
8077,0
8078,1
8079,0
8080,0
8081,0
8082,0
8083,1
8084,1
8085,1
8086,1
8087,0
8088,0
8089,0
8090,0
8091,0
8092,0
8093,1
8094,0
8095,1
8096,0
8097,0
8098,0
8099,0
8100,0
8101,0
8102,0
8103,0
8104,0
8105,0
8106,0
8107,0
8108,0
8109,0
8110,0
8111,0
8112,0
8113,0
8114,0
8115,0
8116,0
8117,0
8118,0
8119,0
8120,0
8121,0
8122,0
8123,0
8124,0
8125,0
8126,0
8127,0
8128,0
8129,0
8130,0
8131,0
8132,0
8133,0
8134,0
8135,0
8136,0
8137,1
8138,0
8139,0
8140,0
8141,0
8142,0
8143,0
8144,1
8145,1
8146,1
8147,1
8148,1
8149,1
8150,1
8151,1
8152,0
8153,0
8154,0
8155,0
8156,0
8157,0
8158,0
8159,0
8160,1
8161,0
8162,0
8163,0
8164,0
8165,0
8166,0
8167,0
8168,1
8169,1
8170,1
8171,0
8172,0
8173,0
8174,1
8175,1
8176,1
8177,1
8178,1
8179,1
8180,1
8181,1
8182,1
8183,1
8184,1
8185,1
8186,1
8187,1
8188,1
8189,1
8190,1
8191,1
8192,1
8193,0
8194,0
8195,0
8196,0
8197,0
8198,0
8199,0
8200,1
8201,1
8202,1
8203,0
8204,0
8205,1
8206,1
8207,1
8208,1
8209,1
8210,1
8211,1
8212,1
8213,0
8214,0
8215,0
8216,0
8217,0
8218,0
8219,0
8220,0
8221,0
8222,1
8223,1
8224,1
8225,1
8226,1
8227,0
8228,0
8229,0
8230,0
8231,0
8232,1
8233,0
8234,0
8235,0
8236,0
8237,0
8238,0
8239,0
8240,0
8241,0
8242,0
8243,0
8244,0
8245,0
8246,0
8247,0
8248,0
8249,0
8250,0
8251,0
8252,0
8253,0
8254,0
8255,0
8256,0
8257,0
8258,0
8259,0
8260,0
8261,0
8262,0
8263,0
8264,0
8265,0
8266,0
8267,0
8268,0
8269,0
8270,0
8271,0
8272,0
8273,0
8274,0
8275,0
8276,1
8277,0
8278,0
8279,0
8280,0
8281,0
8282,0
8283,1
8284,1
8285,1
8286,1
8287,1
8288,1
8289,1
8290,1
8291,1
8292,0
8293,0
8294,0
8295,0
8296,0
8297,0
8298,0
8299,0
8300,0
8301,0
8302,0
8303,0
8304,0
8305,0
8306,0
8307,0
8308,1
8309,1
8310,1
8311,0
8312,0
8313,1
8314,1
8315,1
8316,1
8317,1
8318,1
8319,1
8320,1
8321,1
8322,1
8323,1
8324,1
8325,1
8326,1
8327,1
8328,1
8329,1
8330,1
8331,1
8332,1
8333,0
8334,0
8335,0
8336,0
8337,0
8338,0
8339,1
8340,1
8341,1
8342,1
8343,0
8344,0
8345,1
8346,1
8347,1
8348,1
8349,1
8350,1
8351,1
8352,1
8353,1
8354,0
8355,0
8356,0
8357,0
8358,0
8359,0
8360,0
8361,1
8362,1
8363,1
8364,1
8365,1
8366,0
8367,0
8368,0
8369,0
8370,0
8371,0
8372,0
8373,0
8374,0
8375,0
8376,0
8377,1
8378,0
8379,0
8380,0
8381,0
8382,0
8383,0
8384,0
8385,0
8386,0
8387,0
8388,0
8389,0
8390,0
8391,0
8392,0
8393,0
8394,0
8395,0
8396,0
8397,0
8398,0
8399,0
8400,0
8401,0
8402,0
8403,0
8404,0
8405,0
8406,0
8407,0
8408,0
8409,0
8410,0
8411,0
8412,0
8413,0
8414,0
8415,1
8416,1
8417,1
8418,0
8419,0
8420,0
8421,0
8422,0
8423,1
8424,1
8425,1
8426,1
8427,1
8428,1
8429,1
8430,1
8431,1
8432,1
8433,0
8434,0
8435,0
8436,0
8437,0
8438,0
8439,0
8440,0
8441,0
8442,0
8443,0
8444,0
8445,0
8446,0
8447,0
8448,0
8449,1
8450,1
8451,1
8452,0
8453,1
8454,1
8455,1
8456,1
8457,1
8458,1
8459,1
8460,1
8461,1
8462,1
8463,1
8464,1
8465,1
8466,1
8467,1
8468,1
8469,1
8470,1
8471,1
8472,1
8473,0
8474,0
8475,0
8476,0
8477,0
8478,0
8479,0
8480,1
8481,1
8482,1
8483,0
8484,0
8485,0
8486,1
8487,1
8488,1
8489,1
8490,1
8491,1
8492,1
8493,1
8494,1
8495,0
8496,0
8497,0
8498,0
8499,0
8500,0
8501,1
8502,1
8503,1
8504,1
8505,1
8506,1
8507,0
8508,0
8509,0
8510,0
8511,0
8512,0
8513,0
8514,0
8515,0
8516,0
8517,0
8518,1
8519,0
8520,0
8521,0
8522,0
8523,0
8524,0
8525,0
8526,0
8527,0
8528,0
8529,0
8530,0
8531,0
8532,0
8533,0
8534,0
8535,0
8536,0
8537,0
8538,0
8539,0
8540,0
8541,0
8542,0
8543,0
8544,0
8545,0
8546,0
8547,0
8548,0
8549,0
8550,0
8551,0
8552,0
8553,0
8554,0
8555,0
8556,0
8557,1
8558,1
8559,0
8560,0
8561,0
8562,0
8563,0
8564,1
8565,1
8566,1
8567,1
8568,1
8569,1
8570,1
8571,0
8572,1
8573,1
8574,0
8575,0
8576,0
8577,0
8578,0
8579,0
8580,0
8581,0
8582,0
8583,0
8584,0
8585,0
8586,0
8587,0
8588,0
8589,0
8590,0
8591,1
8592,1
8593,1
8594,1
8595,1
8596,1
8597,1
8598,1
8599,1
8600,1
8601,1
8602,1
8603,0
8604,1
8605,1
8606,1
8607,1
8608,1
8609,1
8610,1
8611,1
8612,1
8613,1
8614,1
8615,0
8616,0
8617,0
8618,0
8619,0
8620,0
8621,1
8622,1
8623,1
8624,1
8625,0
8626,0
8627,1
8628,1
8629,1
8630,1
8631,1
8632,1
8633,1
8634,1
8635,1
8636,1
8637,0
8638,0
8639,0
8640,0
8641,1
8642,1
8643,1
8644,1
8645,1
8646,1
8647,1
8648,0
8649,0
8650,0
8651,0
8652,0
8653,0
8654,0
8655,0
8656,0
8657,0
8658,0
8659,1
8660,0
8661,0
8662,0
8663,0
8664,0
8665,0
8666,0
8667,0
8668,0
8669,0
8670,0
8671,0
8672,0
8673,0
8674,0
8675,0
8676,0
8677,0
8678,0
8679,0
8680,0
8681,0
8682,0
8683,0
8684,0
8685,0
8686,0
8687,0
8688,0
8689,0
8690,0
8691,0
8692,0
8693,0
8694,0
8695,0
8696,0
8697,1
8698,1
8699,0
8700,0
8701,0
8702,0
8703,0
8704,0
8705,1
8706,1
8707,1
8708,1
8709,1
8710,1
8711,0
8712,0
8713,1
8714,1
8715,0
8716,0
8717,0
8718,0
8719,0
8720,0
8721,0
8722,0
8723,0
8724,0
8725,0
8726,0
8727,0
8728,0
8729,0
8730,0
8731,0
8732,1
8733,1
8734,1
8735,1
8736,1
8737,1
8738,1
8739,1
8740,1
8741,1
8742,1
8743,0
8744,0
8745,1
8746,1
8747,1
8748,1
8749,1
8750,1
8751,1
8752,1
8753,1
8754,1
8755,1
8756,0
8757,0
8758,0
8759,0
8760,0
8761,0
8762,1
8763,1
8764,1
8765,0
8766,1
8767,0
8768,1
8769,1
8770,1
8771,1
8772,1
8773,1
8774,1
8775,1
8776,1
8777,0
8778,0
8779,0
8780,0
8781,1
8782,1
8783,1
8784,1
8785,1
8786,1
8787,1
8788,1
8789,0
8790,0
8791,0
8792,0
8793,0
8794,0
8795,0
8796,0
8797,0
8798,0
8799,0
8800,1
8801,0
8802,0
8803,0
8804,0
8805,0
8806,0
8807,0
8808,0
8809,0
8810,0
8811,0
8812,0
8813,0
8814,0
8815,0
8816,0
8817,0
8818,0
8819,0
8820,0
8821,0
8822,0
8823,0
8824,0
8825,0
8826,0
8827,0
8828,0
8829,0
8830,0
8831,0
8832,0
8833,0
8834,0
8835,0
8836,0
8837,0
8838,0
8839,1
8840,1
8841,0
8842,1
8843,0
8844,0
8845,0
8846,1
8847,1
8848,1
8849,1
8850,1
8851,1
8852,1
8853,0
8854,1
8855,1
8856,1
8857,0
8858,0
8859,0
8860,0
8861,0
8862,0
8863,0
8864,0
8865,0
8866,0
8867,0
8868,0
8869,0
8870,0
8871,0
8872,0
8873,0
8874,1
8875,1
8876,1
8877,1
8878,1
8879,1
8880,1
8881,1
8882,1
8883,1
8884,0
8885,0
8886,0
8887,1
8888,1
8889,1
8890,1
8891,1
8892,1
8893,1
8894,1
8895,1
8896,1
8897,0
8898,0
8899,0
8900,0
8901,0
8902,0
8903,0
8904,1
8905,1
8906,1
8907,0
8908,0
8909,1
8910,1
8911,1
8912,1
8913,1
8914,1
8915,1
8916,1
8917,1
8918,0
8919,0
8920,0
8921,0
8922,0
8923,1
8924,1
8925,1
8926,1
8927,1
8928,1
8929,1
8930,1
8931,0
8932,0
8933,0
8934,0
8935,0
8936,0
8937,0
8938,0
8939,0
8940,0
8941,0
8942,0
8943,0
8944,0
8945,0
8946,0
8947,0
8948,0
8949,0
8950,0
8951,0
8952,0
8953,0
8954,0
8955,0
8956,0
8957,0
8958,0
8959,0
8960,0
8961,0
8962,0
8963,0
8964,0
8965,0
8966,0
8967,0
8968,0
8969,0
8970,0
8971,0
8972,0
8973,0
8974,0
8975,0
8976,0
8977,0
8978,0
8979,0
8980,1
8981,0
8982,1
8983,0
8984,0
8985,1
8986,0
8987,0
8988,0
8989,1
8990,1
8991,1
8992,1
8993,1
8994,1
8995,0
8996,0
8997,1
8998,1
8999,0
9000,0
9001,0
9002,0
9003,0
9004,0
9005,0
9006,0
9007,0
9008,0
9009,0
9010,0
9011,0
9012,0
9013,0
9014,0
9015,0
9016,0
9017,1
9018,1
9019,1
9020,1
9021,1
9022,1
9023,1
9024,1
9025,1
9026,0
9027,0
9028,0
9029,0
9030,1
9031,1
9032,1
9033,1
9034,1
9035,1
9036,0
9037,1
9038,1
9039,1
9040,0
9041,0
9042,0
9043,0
9044,0
9045,0
9046,1
9047,1
9048,1
9049,0
9050,0
9051,0
9052,1
9053,1
9054,1
9055,1
9056,1
9057,1
9058,1
9059,0
9060,0
9061,0
9062,0
9063,0
9064,0
9065,1
9066,1
9067,1
9068,1
9069,1
9070,1
9071,1
9072,1
9073,1
9074,0
9075,0
9076,0
9077,0
9078,0
9079,0
9080,0
9081,0
9082,0
9083,0
9084,0
9085,0
9086,0
9087,0
9088,0
9089,0
9090,0
9091,0
9092,0
9093,0
9094,0
9095,0
9096,0
9097,0
9098,0
9099,0
9100,0
9101,0
9102,0
9103,0
9104,0
9105,0
9106,0
9107,0
9108,0
9109,0
9110,0
9111,0
9112,0
9113,0
9114,0
9115,0
9116,0
9117,0
9118,0
9119,0
9120,0
9121,0
9122,0
9123,0
9124,0
9125,0
9126,0
9127,1
9128,1
9129,0
9130,0
9131,1
9132,1
9133,1
9134,1
9135,1
9136,1
9137,1
9138,0
9139,1
9140,1
9141,1
9142,0
9143,0
9144,0
9145,0
9146,0
9147,0
9148,0
9149,0
9150,0
9151,0
9152,0
9153,0
9154,0
9155,0
9156,0
9157,0
9158,0
9159,1
9160,1
9161,1
9162,1
9163,1
9164,1
9165,1
9166,1
9167,1
9168,0
9169,0
9170,0
9171,0
9172,0
9173,1
9174,1
9175,1
9176,1
9177,1
9178,0
9179,0
9180,1
9181,1
9182,1
9183,0
9184,0
9185,0
9186,0
9187,0
9188,0
9189,1
9190,1
9191,1
9192,0
9193,0
9194,0
9195,1
9196,1
9197,1
9198,1
9199,1
9200,1
9201,0
9202,0
9203,0
9204,0
9205,0
9206,0
9207,0
9208,1
9209,1
9210,1
9211,1
9212,1
9213,0
9214,1
9215,1
9216,0
9217,0
9218,0
9219,0
9220,0
9221,0
9222,0
9223,0
9224,0
9225,0
9226,0
9227,0
9228,0
9229,0
9230,0
9231,0
9232,0
9233,0
9234,0
9235,0
9236,0
9237,0
9238,0
9239,0
9240,0
9241,0
9242,0
9243,0
9244,0
9245,0
9246,0
9247,0
9248,0
9249,0
9250,0
9251,0
9252,0
9253,0
9254,0
9255,0
9256,0
9257,0
9258,0
9259,0
9260,0
9261,0
9262,0
9263,0
9264,0
9265,0
9266,0
9267,0
9268,0
9269,0
9270,0
9271,1
9272,1
9273,0
9274,0
9275,1
9276,1
9277,1
9278,1
9279,1
9280,1
9281,0
9282,0
9283,1
9284,1
9285,1
9286,0
9287,0
9288,0
9289,0
9290,0
9291,0
9292,0
9293,0
9294,0
9295,0
9296,0
9297,0
9298,0
9299,0
9300,0
9301,0
9302,0
9303,1
9304,1
9305,1
9306,1
9307,1
9308,1
9309,1
9310,1
9311,0
9312,0
9313,0
9314,0
9315,0
9316,0
9317,1
9318,1
9319,1
9320,1
9321,0
9322,0
9323,0
9324,1
9325,1
9326,1
9327,0
9328,0
9329,0
9330,0
9331,0
9332,0
9333,1
9334,1
9335,0
9336,0
9337,0
9338,1
9339,1
9340,1
9341,1
9342,1
9343,1
9344,0
9345,0
9346,0
9347,1
9348,1
9349,0
9350,0
9351,0
9352,0
9353,1
9354,0
9355,1
9356,0
9357,0
9358,0
9359,0
9360,0
9361,0
9362,0
9363,0
9364,0
9365,0
9366,0
9367,0
9368,0
9369,0
9370,0
9371,0
9372,1
9373,0
9374,0
9375,0
9376,0
9377,0
9378,0
9379,0
9380,0
9381,0
9382,0
9383,0
9384,0
9385,0
9386,0
9387,0
9388,0
9389,0
9390,0
9391,0
9392,0
9393,0
9394,0
9395,0
9396,0
9397,0
9398,0
9399,0
9400,0
9401,0
9402,0
9403,0
9404,0
9405,0
9406,0
9407,0
9408,0
9409,1
9410,0
9411,0
9412,0
9413,0
9414,0
9415,1
9416,0
9417,0
9418,0
9419,1
9420,1
9421,1
9422,1
9423,1
9424,1
9425,1
9426,0
9427,1
9428,1
9429,1
9430,1
9431,0
9432,0
9433,0
9434,0
9435,0
9436,0
9437,0
9438,0
9439,1
9440,0
9441,0
9442,0
9443,0
9444,0
9445,0
9446,0
9447,0
9448,1
9449,1
9450,1
9451,1
9452,1
9453,1
9454,1
9455,1
9456,0
9457,0
9458,0
9459,0
9460,0
9461,1
9462,1
9463,1
9464,1
9465,0
9466,0
9467,0
9468,0
9469,1
9470,1
9471,1
9472,0
9473,0
9474,0
9475,0
9476,0
9477,0
9478,1
9479,1
9480,0
9481,0
9482,0
9483,1
9484,1
9485,1
9486,1
9487,1
9488,0
9489,0
9490,0
9491,1
9492,1
9493,1
9494,0
9495,0
9496,0
9497,0
9498,0
9499,0
9500,0
9501,0
9502,0
9503,0
9504,0
9505,0
9506,0
9507,0
9508,0
9509,0
9510,0
9511,0
9512,0
9513,0
9514,0
9515,0
9516,0
9517,1
9518,0
9519,0
9520,0
9521,0
9522,0
9523,0
9524,0
9525,0
9526,0
9527,0
9528,0
9529,0
9530,0
9531,0
9532,0
9533,0
9534,0
9535,0
9536,0
9537,0
9538,0
9539,0
9540,0
9541,0
9542,0
9543,0
9544,0
9545,0
9546,0
9547,0
9548,0
9549,0
9550,0
9551,0
9552,0
9553,0
9554,0
9555,0
9556,0
9557,0
9558,0
9559,0
9560,0
9561,0
9562,0
9563,0
9564,1
9565,1
9566,1
9567,1
9568,1
9569,1
9570,1
9571,1
9572,1
9573,1
9574,1
9575,1
9576,0
9577,0
9578,0
9579,0
9580,0
9581,0
9582,0
9583,0
9584,1
9585,0
9586,0
9587,0
9588,0
9589,0
9590,0
9591,0
9592,0
9593,0
9594,1
9595,1
9596,1
9597,1
9598,1
9599,1
9600,1
9601,0
9602,0
9603,0
9604,0
9605,0
9606,0
9607,1
9608,1
9609,1
9610,0
9611,0
9612,0
9613,0
9614,1
9615,1
9616,1
9617,1
9618,0
9619,0
9620,1
9621,0
9622,0
9623,0
9624,1
9625,1
9626,0
9627,0
9628,0
9629,1
9630,1
9631,1
9632,1
9633,1
9634,0
9635,0
9636,1
9637,1
9638,1
9639,1
9640,0
9641,0
9642,0
9643,0
9644,0
9645,0
9646,0
9647,0
9648,0
9649,0
9650,0
9651,0
9652,0
9653,1
9654,0
9655,0
9656,0
9657,0
9658,0
9659,0
9660,0
9661,0
9662,0
9663,0
9664,0
9665,0
9666,0
9667,0
9668,0
9669,0
9670,0
9671,0
9672,0
9673,0
9674,0
9675,0
9676,0
9677,0
9678,0
9679,0
9680,0
9681,0
9682,0
9683,0
9684,0
9685,0
9686,0
9687,0
9688,0
9689,0
9690,0
9691,0
9692,0
9693,0
9694,0
9695,0
9696,0
9697,0
9698,1
9699,0
9700,0
9701,0
9702,0
9703,0
9704,0
9705,0
9706,0
9707,1
9708,0
9709,0
9710,1
9711,1
9712,1
9713,1
9714,1
9715,1
9716,1
9717,1
9718,1
9719,1
9720,1
9721,1
9722,0
9723,0
9724,0
9725,0
9726,0
9727,0
9728,0
9729,0
9730,1
9731,1
9732,0
9733,0
9734,0
9735,0
9736,0
9737,0
9738,0
9739,0
9740,0
9741,1
9742,1
9743,1
9744,1
9745,1
9746,1
9747,1
9748,0
9749,0
9750,0
9751,0
9752,0
9753,1
9754,1
9755,1
9756,0
9757,0
9758,0
9759,0
9760,0
9761,1
9762,1
9763,1
9764,1
9765,1
9766,1
9767,0
9768,0
9769,0
9770,1
9771,1
9772,0
9773,0
9774,0
9775,0
9776,1
9777,1
9778,1
9779,1
9780,0
9781,0
9782,1
9783,1
9784,1
9785,1
9786,1
9787,0
9788,0
9789,0
9790,0
9791,0
9792,0
9793,0
9794,0
9795,0
9796,0
9797,0
9798,0
9799,0
9800,0
9801,0
9802,0
9803,0
9804,0
9805,0
9806,0
9807,0
9808,0
9809,0
9810,1
9811,0
9812,0
9813,0
9814,0
9815,0
9816,0
9817,0
9818,0
9819,0
9820,0
9821,0
9822,0
9823,0
9824,0
9825,0
9826,0
9827,0
9828,0
9829,0
9830,0
9831,0
9832,0
9833,0
9834,0
9835,0
9836,0
9837,0
9838,0
9839,0
9840,0
9841,0
9842,0
9843,0
9844,0
9845,0
9846,0
9847,0
9848,0
9849,0
9850,0
9851,0
9852,0
9853,0
9854,0
9855,1
9856,1
9857,1
9858,1
9859,1
9860,1
9861,1
9862,1
9863,1
9864,1
9865,1
9866,1
9867,1
9868,0
9869,0
9870,0
9871,0
9872,1
9873,0
9874,0
9875,1
9876,1
9877,1
9878,0
9879,0
9880,0
9881,0
9882,0
9883,0
9884,0
9885,0
9886,0
9887,1
9888,1
9889,1
9890,1
9891,1
9892,1
9893,0
9894,0
9895,0
9896,0
9897,0
9898,0
9899,1
9900,1
9901,1
9902,0
9903,0
9904,0
9905,0
9906,1
9907,1
9908,1
9909,1
9910,1
9911,1
9912,0
9913,0
9914,0
9915,0
9916,1
9917,1
9918,0
9919,0
9920,0
9921,0
9922,1
9923,1
9924,1
9925,1
9926,0
9927,1
9928,1
9929,1
9930,1
9931,1
9932,1
9933,0
9934,0
9935,0
9936,0
9937,0
9938,0
9939,0
9940,0
9941,0
9942,0
9943,1
9944,0
9945,0
9946,0
9947,0
9948,0
9949,0
9950,1
9951,0
9952,0
9953,0
9954,0
9955,0
9956,0
9957,0
9958,0
9959,0
9960,0
9961,0
9962,0
9963,0
9964,0
9965,0
9966,0
9967,0
9968,0
9969,0
9970,0
9971,0
9972,0
9973,0
9974,0
9975,0
9976,0
9977,0
9978,0
9979,0
9980,0
9981,0
9982,0
9983,0
9984,0
9985,0
9986,1
9987,0
9988,0
9989,0
9990,0
9991,1
9992,0
9993,1
9994,0
9995,0
9996,0
9997,0
9998,0
9999,0
10000,0
10001,1
10002,1
10003,1
10004,1
10005,1
10006,1
10007,1
10008,1
10009,1
10010,1
10011,1
10012,1
10013,1
10014,0
10015,0
10016,0
10017,0
10018,0
10019,0
10020,0
10021,1
10022,1
10023,1
10024,0
10025,0
10026,0
10027,0
10028,0
10029,0
10030,0
10031,0
10032,0
10033,0
10034,1
10035,1
10036,1
10037,1
10038,1
10039,1
10040,0
10041,0
10042,0
10043,0
10044,0
10045,1
10046,1
10047,1
10048,0
10049,0
10050,0
10051,0
10052,0
10053,1
10054,1
10055,1
10056,1
10057,1
10058,1
10059,0
10060,0
10061,0
10062,1
10063,1
10064,1
10065,0
10066,0
10067,0
10068,0
10069,1
10070,1
10071,1
10072,1
10073,1
10074,1
10075,1
10076,1
10077,1
10078,1
10079,0
10080,0
10081,0
10082,1
10083,0
10084,0
10085,0
10086,0
10087,0
10088,0
10089,0
10090,0
10091,0
10092,0
10093,0
10094,0
10095,0
10096,0
10097,0
10098,0
10099,0
10100,0
10101,0
10102,1
10103,0
10104,0
10105,0
10106,0
10107,0
10108,0
10109,0
10110,0
10111,0
10112,0
10113,0
10114,0
10115,0
10116,0
10117,0
10118,0
10119,0
10120,0
10121,0
10122,0
10123,0
10124,0
10125,0
10126,0
10127,0
10128,0
10129,0
10130,0
10131,0
10132,0
10133,0
10134,1
10135,0
10136,0
10137,0
10138,0
10139,1
10140,0
10141,1
10142,0
10143,0
10144,0
10145,0
10146,1
10147,0
10148,0
10149,1
10150,1
10151,1
10152,1
10153,1
10154,1
10155,1
10156,1
10157,1
10158,1
10159,1
10160,1
10161,0
10162,0
10163,0
10164,0
10165,1
10166,0
10167,0
10168,0
10169,1
10170,1
10171,1
10172,0
10173,0
10174,0
10175,0
10176,0
10177,0
10178,0
10179,0
10180,0
10181,0
10182,1
10183,1
10184,1
10185,1
10186,1
10187,0
10188,0
10189,0
10190,0
10191,0
10192,0
10193,1
10194,1
10195,1
10196,0
10197,0
10198,0
10199,0
10200,1
10201,1
10202,1
10203,1
10204,1
10205,1
10206,0
10207,0
10208,1
10209,1
10210,1
10211,1
10212,0
10213,0
10214,0
10215,0
10216,1
10217,1
10218,1
10219,1
10220,1
10221,1
10222,1
10223,1
10224,1
10225,1
10226,1
10227,0
10228,0
10229,0
10230,0
10231,0
10232,0
10233,0
10234,0
10235,0
10236,0
10237,0
10238,0
10239,0
10240,0
10241,0
10242,0
10243,0
10244,0
10245,0
10246,0
10247,0
10248,0
10249,1
10250,0
10251,0
10252,0
10253,0
10254,0
10255,0
10256,0
10257,0
10258,0
10259,0
10260,0
10261,0
10262,0
10263,0
10264,0
10265,0
10266,0
10267,0
10268,0
10269,0
10270,0
10271,0
10272,0
10273,0
10274,0
10275,0
10276,0
10277,0
10278,0
10279,0
10280,0
10281,0
10282,0
10283,0
10284,0
10285,0
10286,1
10287,0
10288,1
10289,0
10290,0
10291,0
10292,0
10293,0
10294,0
10295,0
10296,1
10297,1
10298,1
10299,1
10300,1
10301,1
10302,1
10303,1
10304,1
10305,1
10306,1
10307,1
10308,0
10309,0
10310,0
10311,0
10312,0
10313,0
10314,1
10315,0
10316,1
10317,1
10318,1
10319,1
10320,0
10321,0
10322,0
10323,0
10324,0
10325,0
10326,0
10327,0
10328,0
10329,0
10330,1
10331,1
10332,1
10333,1
10334,1
10335,0
10336,0
10337,0
10338,0
10339,0
10340,1
10341,1
10342,1
10343,1
10344,0
10345,0
10346,0
10347,0
10348,1
10349,1
10350,1
10351,1
10352,1
10353,1
10354,0
10355,0
10356,1
10357,1
10358,1
10359,0
10360,0
10361,0
10362,0
10363,0
10364,1
10365,1
10366,1
10367,1
10368,1
10369,1
10370,1
10371,1
10372,1
10373,1
10374,1
10375,0
10376,0
10377,0
10378,0
10379,0
10380,0
10381,0
10382,0
10383,0
10384,1
10385,0
10386,0
10387,0
10388,0
10389,0
10390,0
10391,0
10392,0
10393,0
10394,0
10395,1
10396,0
10397,0
10398,0
10399,1
10400,0
10401,0
10402,0
10403,0
10404,0
10405,0
10406,0
10407,0
10408,0
10409,0
10410,0
10411,0
10412,0
10413,0
10414,0
10415,0
10416,0
10417,0
10418,0
10419,0
10420,0
10421,0
10422,0
10423,0
10424,0
10425,0
10426,0
10427,0
10428,0
10429,0
10430,1
10431,0
10432,0
10433,0
10434,0
10435,0
10436,0
10437,0
10438,0
10439,0
10440,0
10441,0
10442,0
10443,0
10444,0
10445,1
10446,1
10447,1
10448,1
10449,1
10450,1
10451,1
10452,1
10453,1
10454,1
10455,1
10456,0
10457,0
10458,0
10459,1
10460,0
10461,0
10462,1
10463,0
10464,1
10465,1
10466,1
10467,1
10468,1
10469,0
10470,0
10471,0
10472,0
10473,0
10474,0
10475,0
10476,0
10477,0
10478,1
10479,1
10480,1
10481,1
10482,1
10483,1
10484,0
10485,0
10486,0
10487,0
10488,1
10489,1
10490,1
10491,1
10492,1
10493,0
10494,0
10495,0
10496,1
10497,1
10498,1
10499,1
10500,1
10501,1
10502,0
10503,0
10504,0
10505,1
10506,1
10507,0
10508,0
10509,0
10510,0
10511,0
10512,1
10513,1
10514,1
10515,1
10516,1
10517,1
10518,1
10519,1
10520,1
10521,1
10522,1
10523,0
10524,0
10525,0
10526,0
10527,0
10528,0
10529,0
10530,0
10531,0
10532,1
10533,1
10534,0
10535,0
10536,0
10537,0
10538,0
10539,0
10540,0
10541,0
10542,0
10543,0
10544,0
10545,0
10546,0
10547,0
10548,1
10549,0
10550,0
10551,0
10552,0
10553,0
10554,0
10555,0
10556,0
10557,0
10558,0
10559,0
10560,0
10561,0
10562,0
10563,0
10564,0
10565,0
10566,0
10567,0
10568,0
10569,0
10570,0
10571,0
10572,0
10573,0
10574,0
10575,0
10576,0
10577,0
10578,0
10579,0
10580,0
10581,0
10582,0
10583,0
10584,0
10585,0
10586,0
10587,0
10588,0
10589,0
10590,0
10591,0
10592,0
10593,1
10594,1
10595,0
10596,1
10597,1
10598,1
10599,1
10600,1
10601,1
10602,1
10603,1
10604,0
10605,0
10606,0
10607,0
10608,1
10609,0
10610,0
10611,0
10612,1
10613,1
10614,1
10615,1
10616,1
10617,0
10618,0
10619,0
10620,0
10621,0
10622,0
10623,0
10624,0
10625,0
10626,0
10627,1
10628,1
10629,1
10630,1
10631,1
10632,1
10633,0
10634,0
10635,0
10636,1
10637,1
10638,1
10639,1
10640,1
10641,0
10642,0
10643,0
10644,0
10645,1
10646,1
10647,1
10648,1
10649,1
10650,1
10651,0
10652,0
10653,0
10654,1
10655,0
10656,0
10657,0
10658,0
10659,0
10660,0
10661,1
10662,1
10663,1
10664,1
10665,1
10666,1
10667,1
10668,1
10669,1
10670,1
10671,1
10672,0
10673,0
10674,0
10675,0
10676,0
10677,0
10678,0
10679,0
10680,0
10681,0
10682,0
10683,0
10684,0
10685,0
10686,1
10687,0
10688,1
10689,0
10690,1
10691,0
10692,0
10693,0
10694,0
10695,1
10696,1
10697,1
10698,0
10699,0
10700,0
10701,0
10702,0
10703,0
10704,0
10705,0
10706,0
10707,0
10708,0
10709,0
10710,0
10711,0
10712,0
10713,0
10714,0
10715,0
10716,0
10717,0
10718,0
10719,0
10720,0
10721,0
10722,0
10723,0
10724,0
10725,0
10726,0
10727,0
10728,0
10729,0
10730,0
10731,0
10732,0
10733,0
10734,0
10735,0
10736,0
10737,0
10738,0
10739,0
10740,0
10741,0
10742,1
10743,0
10744,0
10745,1
10746,1
10747,0
10748,1
10749,1
10750,1
10751,1
10752,0
10753,0
10754,0
10755,0
10756,0
10757,0
10758,1
10759,1
10760,0
10761,1
10762,1
10763,1
10764,1
10765,1
10766,0
10767,0
10768,0
10769,0
10770,0
10771,0
10772,0
10773,0
10774,0
10775,1
10776,1
10777,1
10778,1
10779,1
10780,1
10781,1
10782,0
10783,0
10784,1
10785,1
10786,1
10787,1
10788,1
10789,1
10790,0
10791,0
10792,0
10793,1
10794,1
10795,1
10796,1
10797,1
10798,1
10799,0
10800,0
10801,0
10802,0
10803,0
10804,0
10805,0
10806,0
10807,0
10808,0
10809,0
10810,1
10811,1
10812,1
10813,1
10814,1
10815,1
10816,1
10817,1
10818,1
10819,1
10820,0
10821,0
10822,0
10823,0
10824,0
10825,0
10826,0
10827,0
10828,0
10829,0
10830,1
10831,0
10832,1
10833,0
10834,1
10835,0
10836,1
10837,0
10838,0
10839,0
10840,0
10841,0
10842,0
10843,0
10844,0
10845,0
10846,0
10847,0
10848,0
10849,0
10850,0
10851,0
10852,0
10853,0
10854,0
10855,0
10856,0
10857,0
10858,0
10859,0
10860,0
10861,0
10862,0
10863,0
10864,0
10865,0
10866,0
10867,0
10868,0
10869,0
10870,0
10871,0
10872,0
10873,0
10874,0
10875,0
10876,0
10877,0
10878,1
10879,0
10880,0
10881,0
10882,0
10883,0
10884,0
10885,0
10886,0
10887,1
10888,0
10889,0
10890,0
10891,1
10892,0
10893,0
10894,0
10895,0
10896,0
10897,0
10898,1
10899,1
10900,1
10901,0
10902,0
10903,0
10904,0
10905,0
10906,0
10907,0
10908,0
10909,0
10910,0
10911,1
10912,1
10913,1
10914,1
10915,0
10916,0
10917,0
10918,0
10919,0
10920,0
10921,0
10922,1
10923,0
10924,0
10925,1
10926,1
10927,1
10928,1
10929,1
10930,1
10931,1
10932,1
10933,1
10934,1
10935,1
10936,1
10937,1
10938,1
10939,1
10940,0
10941,0
10942,1
10943,1
10944,1
10945,1
10946,1
10947,1
10948,1
10949,0
10950,0
10951,0
10952,0
10953,0
10954,0
10955,0
10956,0
10957,0
10958,0
10959,1
10960,1
10961,1
10962,1
10963,1
10964,0
10965,0
10966,1
10967,1
10968,1
10969,1
10970,0
10971,0
10972,0
10973,0
10974,0
10975,0
10976,0
10977,0
10978,0
10979,1
10980,0
10981,1
10982,1
10983,0
10984,1
10985,1
10986,1
10987,0
10988,0
10989,0
10990,0
10991,0
10992,0
10993,1
10994,0
10995,0
10996,0
10997,0
10998,0
10999,0
11000,0
11001,0
11002,0
11003,0
11004,0
11005,0
11006,0
11007,0
11008,0
11009,0
11010,0
11011,0
11012,0
11013,1
11014,0
11015,0
11016,0
11017,0
11018,0
11019,0
11020,0
11021,0
11022,0
11023,0
11024,0
11025,0
11026,0
11027,1
11028,0
11029,1
11030,0
11031,0
11032,0
11033,0
11034,0
11035,0
11036,0
11037,0
11038,0
11039,1
11040,0
11041,0
11042,0
11043,1
11044,0
11045,0
11046,0
11047,0
11048,0
11049,0
11050,1
11051,1
11052,0
11053,0
11054,0
11055,0
11056,0
11057,0
11058,0
11059,0
11060,0
11061,0
11062,1
11063,1
11064,1
11065,1
11066,1
11067,0
11068,0
11069,0
11070,0
11071,0
11072,0
11073,1
11074,1
11075,0
11076,1
11077,1
11078,1
11079,1
11080,1
11081,1
11082,1
11083,1
11084,1
11085,1
11086,1
11087,1
11088,1
11089,1
11090,1
11091,1
11092,0
11093,1
11094,1
11095,1
11096,1
11097,1
11098,1
11099,1
11100,0
11101,0
11102,0
11103,0
11104,0
11105,0
11106,0
11107,0
11108,0
11109,0
11110,0
11111,1
11112,1
11113,1
11114,0
11115,0
11116,0
11117,0
11118,1
11119,1
11120,1
11121,0
11122,0
11123,0
11124,0
11125,0
11126,0
11127,0
11128,0
11129,0
11130,1
11131,0
11132,0
11133,0
11134,0
11135,0
11136,0
11137,1
11138,0
11139,0
11140,0
11141,0
11142,0
11143,0
11144,0
11145,1
11146,1
11147,1
11148,0
11149,0
11150,0
11151,0
11152,0
11153,0
11154,0
11155,0
11156,0
11157,0
11158,0
11159,0
11160,0
11161,0
11162,0
11163,0
11164,0
11165,0
11166,0
11167,1
11168,1
11169,0
11170,0
11171,0
11172,0
11173,0
11174,0
11175,0
11176,0
11177,0
11178,0
11179,0
11180,0
11181,1
11182,0
11183,0
11184,1
11185,0
11186,0
11187,0
11188,0
11189,0
11190,0
11191,0
11192,0
11193,1
11194,1
11195,0
11196,0
11197,1
11198,0
11199,0
11200,0
11201,0
11202,0
11203,0
11204,0
11205,0
11206,0
11207,0
11208,0
11209,0
11210,0
11211,0
11212,0
11213,0
11214,1
11215,0
11216,0
11217,1
11218,1
11219,1
11220,1
11221,0
11222,0
11223,0
11224,0
11225,0
11226,0
11227,1
11228,1
11229,1
11230,1
11231,1
11232,1
11233,1
11234,1
11235,1
11236,1
11237,1
11238,1
11239,1
11240,1
11241,1
11242,1
11243,1
11244,1
11245,1
11246,1
11247,1
11248,1
11249,1
11250,1
11251,1
11252,1
11253,1
11254,1
11255,0
11256,0
11257,0
11258,0
11259,0
11260,0
11261,0
11262,0
11263,0
11264,0
11265,0
11266,1
11267,1
11268,0
11269,0
11270,0
11271,0
11272,0
11273,1
11274,1
11275,1
11276,0
11277,0
11278,0
11279,0
11280,0
11281,0
11282,0
11283,0
11284,0
11285,0
11286,0
11287,1
11288,0
11289,0
11290,0
11291,1
11292,1
11293,0
11294,0
11295,0
11296,0
11297,0
11298,0
11299,1
11300,0
11301,0
11302,0
11303,0
11304,0
11305,0
11306,0
11307,0
11308,0
11309,0
11310,0
11311,0
11312,0
11313,0
11314,0
11315,0
11316,0
11317,0
11318,0
11319,0
11320,0
11321,0
11322,0
11323,0
11324,0
11325,0
11326,1
11327,0
11328,0
11329,0
11330,0
11331,0
11332,0
11333,0
11334,0
11335,0
11336,0
11337,0
11338,0
11339,0
11340,1
11341,0
11342,1
11343,1
11344,0
11345,0
11346,0
11347,0
11348,0
11349,0
11350,0
11351,1
11352,1
11353,1
11354,0
11355,1
11356,0
11357,0
11358,0
11359,0
11360,0
11361,0
11362,0
11363,0
11364,0
11365,0
11366,0
11367,0
11368,0
11369,1
11370,0
11371,0
11372,0
11373,0
11374,0
11375,1
11376,1
11377,1
11378,1
11379,1
11380,0
11381,0
11382,0
11383,0
11384,0
11385,1
11386,1
11387,1
11388,1
11389,1
11390,1
11391,1
11392,1
11393,1
11394,1
11395,1
11396,1
11397,1
11398,1
11399,1
11400,1
11401,1
11402,1
11403,1
11404,1
11405,1
11406,1
11407,1
11408,1
11409,1
11410,1
11411,1
11412,1
11413,0
11414,0
11415,1
11416,0
11417,0
11418,0
11419,0
11420,0
11421,0
11422,0
11423,0
11424,1
11425,1
11426,0
11427,0
11428,0
11429,0
11430,0
11431,0
11432,1
11433,1
11434,0
11435,0
11436,0
11437,0
11438,0
11439,0
11440,0
11441,0
11442,1
11443,0
11444,0
11445,0
11446,0
11447,0
11448,0
11449,0
11450,1
11451,0
11452,0
11453,0
11454,0
11455,0
11456,0
11457,0
11458,1
11459,0
11460,0
11461,0
11462,0
11463,0
11464,0
11465,0
11466,0
11467,0
11468,0
11469,0
11470,0
11471,0
11472,0
11473,0
11474,0
11475,0
11476,0
11477,0
11478,0
11479,0
11480,0
11481,0
11482,0
11483,0
11484,0
11485,0
11486,1
11487,1
11488,0
11489,0
11490,0
11491,0
11492,0
11493,0
11494,0
11495,1
11496,0
11497,0
11498,1
11499,0
11500,0
11501,0
11502,0
11503,1
11504,1
11505,0
11506,0
11507,0
11508,0
11509,0
11510,0
11511,1
11512,1
11513,1
11514,1
11515,1
11516,0
11517,0
11518,0
11519,0
11520,0
11521,0
11522,0
11523,0
11524,0
11525,0
11526,0
11527,0
11528,0
11529,0
11530,0
11531,0
11532,0
11533,0
11534,0
11535,1
11536,1
11537,1
11538,1
11539,1
11540,0
11541,0
11542,0
11543,0
11544,0
11545,1
11546,1
11547,1
11548,1
11549,1
11550,1
11551,1
11552,1
11553,1
11554,1
11555,1
11556,1
11557,1
11558,1
11559,1
11560,1
11561,1
11562,1
11563,1
11564,1
11565,1
11566,1
11567,1
11568,1
11569,1
11570,1
11571,1
11572,1
11573,1
11574,0
11575,0
11576,0
11577,0
11578,0
11579,0
11580,0
11581,0
11582,0
11583,0
11584,0
11585,1
11586,0
11587,0
11588,0
11589,0
11590,0
11591,0
11592,0
11593,1
11594,1
11595,0
11596,0
11597,0
11598,0
11599,0
11600,0
11601,0
11602,0
11603,0
11604,0
11605,0
11606,0
11607,0
11608,1
11609,0
11610,0
11611,0
11612,0
11613,0
11614,0
11615,0
11616,0
11617,0
11618,0
11619,1
11620,0
11621,0
11622,0
11623,0
11624,0
11625,0
11626,0
11627,0
11628,0
11629,0
11630,0
11631,0
11632,0
11633,0
11634,0
11635,0
11636,0
11637,0
11638,0
11639,0
11640,0
11641,0
11642,0
11643,0
11644,0
11645,0
11646,1
11647,1
11648,1
11649,0
11650,0
11651,0
11652,0
11653,0
11654,0
11655,0
11656,0
11657,1
11658,0
11659,0
11660,0
11661,0
11662,0
11663,1
11664,1
11665,1
11666,0
11667,0
11668,0
11669,0
11670,0
11671,0
11672,1
11673,1
11674,1
11675,1
11676,0
11677,0
11678,0
11679,0
11680,0
11681,0
11682,0
11683,0
11684,0
11685,0
11686,0
11687,0
11688,0
11689,0
11690,0
11691,0
11692,0
11693,0
11694,0
11695,1
11696,1
11697,1
11698,1
11699,1
11700,0
11701,0
11702,0
11703,0
11704,0
11705,0
11706,1
11707,1
11708,1
11709,1
11710,1
11711,1
11712,1
11713,1
11714,1
11715,1
11716,1
11717,1
11718,1
11719,1
11720,1
11721,1
11722,1
11723,1
11724,1
11725,1
11726,1
11727,1
11728,1
11729,1
11730,1
11731,1
11732,1
11733,1
11734,1
11735,0
11736,1
11737,0
11738,0
11739,0
11740,0
11741,0
11742,0
11743,0
11744,0
11745,1
11746,0
11747,0
11748,0
11749,0
11750,0
11751,0
11752,0
11753,0
11754,1
11755,0
11756,0
11757,0
11758,0
11759,0
11760,0
11761,0
11762,0
11763,0
11764,0
11765,0
11766,0
11767,0
11768,0
11769,0
11770,1
11771,1
11772,0
11773,0
11774,0
11775,0
11776,0
11777,0
11778,0
11779,1
11780,1
11781,0
11782,0
11783,0
11784,0
11785,0
11786,0
11787,0
11788,0
11789,0
11790,0
11791,0
11792,0
11793,0
11794,0
11795,0
11796,0
11797,0
11798,0
11799,0
11800,0
11801,0
11802,0
11803,0
11804,0
11805,0
11806,0
11807,0
11808,1
11809,1
11810,0
11811,0
11812,0
11813,0
11814,0
11815,0
11816,0
11817,0
11818,0
11819,0
11820,0
11821,0
11822,0
11823,0
11824,0
11825,1
11826,1
11827,1
11828,0
11829,0
11830,0
11831,0
11832,0
11833,1
11834,1
11835,1
11836,1
11837,1
11838,0
11839,0
11840,0
11841,0
11842,0
11843,0
11844,0
11845,0
11846,0
11847,0
11848,0
11849,0
11850,0
11851,0
11852,0
11853,0
11854,0
11855,0
11856,1
11857,1
11858,1
11859,1
11860,1
11861,1
11862,0
11863,0
11864,0
11865,0
11866,0
11867,1
11868,1
11869,1
11870,1
11871,1
11872,1
11873,1
11874,1
11875,1
11876,1
11877,1
11878,1
11879,1
11880,1
11881,1
11882,1
11883,1
11884,1
11885,1
11886,1
11887,1
11888,1
11889,1
11890,0
11891,1
11892,0
11893,1
11894,1
11895,1
11896,1
11897,0
11898,0
11899,0
11900,0
11901,0
11902,0
11903,0
11904,0
11905,0
11906,0
11907,1
11908,0
11909,0
11910,0
11911,0
11912,0
11913,0
11914,0
11915,0
11916,0
11917,0
11918,0
11919,0
11920,0
11921,0
11922,0
11923,0
11924,0
11925,0
11926,0
11927,0
11928,0
11929,0
11930,0
11931,0
11932,1
11933,0
11934,0
11935,0
11936,0
11937,0
11938,0
11939,0
11940,0
11941,0
11942,0
11943,0
11944,0
11945,0
11946,0
11947,0
11948,0
11949,0
11950,0
11951,0
11952,0
11953,0
11954,0
11955,0
11956,0
11957,0
11958,0
11959,0
11960,0
11961,0
11962,0
11963,0
11964,0
11965,0
11966,0
11967,0
11968,0
11969,1
11970,1
11971,0
11972,0
11973,0
11974,0
11975,0
11976,0
11977,0
11978,0
11979,0
11980,0
11981,0
11982,0
11983,1
11984,0
11985,0
11986,1
11987,1
11988,1
11989,0
11990,0
11991,0
11992,0
11993,0
11994,1
11995,1
11996,1
11997,1
11998,1
11999,0
12000,0
12001,0
12002,0
12003,0
12004,0
12005,0
12006,0
12007,0
12008,0
12009,0
12010,0
12011,0
12012,1
12013,0
12014,0
12015,1
12016,1
12017,0
12018,1
12019,1
12020,1
12021,1
12022,1
12023,0
12024,0
12025,0
12026,0
12027,0
12028,0
12029,1
12030,1
12031,1
12032,1
12033,1
12034,1
12035,1
12036,1
12037,1
12038,1
12039,1
12040,1
12041,1
12042,1
12043,1
12044,1
12045,1
12046,1
12047,1
12048,1
12049,1
12050,1
12051,0
12052,0
12053,0
12054,0
12055,1
12056,1
12057,1
12058,0
12059,0
12060,0
12061,0
12062,0
12063,0
12064,0
12065,0
12066,0
12067,0
12068,1
12069,0
12070,0
12071,0
12072,0
12073,0
12074,0
12075,0
12076,0
12077,0
12078,0
12079,0
12080,0
12081,0
12082,0
12083,0
12084,0
12085,0
12086,0
12087,0
12088,0
12089,0
12090,0
12091,0
12092,1
12093,1
12094,0
12095,0
12096,0
12097,0
12098,0
12099,0
12100,0
12101,0
12102,0
12103,0
12104,0
12105,0
12106,0
12107,0
12108,0
12109,0
12110,0
12111,0
12112,0
12113,0
12114,0
12115,0
12116,0
12117,0
12118,0
12119,0
12120,0
12121,0
12122,0
12123,0
12124,0
12125,0
12126,0
12127,0
12128,0
12129,0
12130,0
12131,0
12132,1
12133,1
12134,0
12135,0
12136,0
12137,0
12138,0
12139,1
12140,0
12141,0
12142,0
12143,0
12144,0
12145,0
12146,0
12147,0
12148,0
12149,1
12150,1
12151,1
12152,0
12153,0
12154,0
12155,0
12156,1
12157,1
12158,1
12159,1
12160,1
12161,1
12162,0
12163,0
12164,0
12165,0
12166,0
12167,0
12168,0
12169,0
12170,0
12171,0
12172,0
12173,0
12174,0
12175,0
12176,0
12177,0
12178,1
12179,0
12180,1
12181,1
12182,1
12183,1
12184,1
12185,1
12186,0
12187,0
12188,0
12189,0
12190,0
12191,1
12192,1
12193,1
12194,1
12195,1
12196,1
12197,1
12198,1
12199,0
12200,1
12201,1
12202,1
12203,1
12204,1
12205,1
12206,1
12207,1
12208,1
12209,1
12210,1
12211,1
12212,1
12213,0
12214,0
12215,0
12216,0
12217,0
12218,1
12219,1
12220,0
12221,0
12222,0
12223,0
12224,0
12225,0
12226,0
12227,0
12228,0
12229,0
12230,0
12231,1
12232,0
12233,0
12234,1
12235,0
12236,0
12237,0
12238,0
12239,0
12240,0
12241,0
12242,0
12243,0
12244,0
12245,0
12246,0
12247,0
12248,0
12249,0
12250,0
12251,0
12252,0
12253,0
12254,0
12255,0
12256,0
12257,0
12258,0
12259,0
12260,0
12261,0
12262,0
12263,1
12264,0
12265,0
12266,1
12267,0
12268,0
12269,0
12270,0
12271,0
12272,0
12273,0
12274,0
12275,0
12276,0
12277,0
12278,0
12279,0
12280,0
12281,0
12282,0
12283,0
12284,0
12285,0
12286,0
12287,0
12288,0
12289,0
12290,0
12291,0
12292,0
12293,0
12294,0
12295,1
12296,1
12297,0
12298,0
12299,0
12300,0
12301,0
12302,0
12303,0
12304,0
12305,0
12306,0
12307,0
12308,0
12309,0
12310,0
12311,0
12312,1
12313,1
12314,1
12315,1
12316,0
12317,0
12318,0
12319,1
12320,1
12321,1
12322,1
12323,1
12324,1
12325,1
12326,1
12327,1
12328,0
12329,0
12330,0
12331,0
12332,0
12333,0
12334,1
12335,0
12336,0
12337,0
12338,1
12339,0
12340,0
12341,1
12342,0
12343,1
12344,1
12345,1
12346,1
12347,1
12348,1
12349,0
12350,0
12351,0
12352,0
12353,0
12354,0
12355,1
12356,1
12357,1
12358,1
12359,1
12360,1
12361,1
12362,0
12363,0
12364,0
12365,1
12366,1
12367,1
12368,1
12369,1
12370,1
12371,1
12372,1
12373,1
12374,1
12375,1
12376,1
12377,0
12378,0
12379,0
12380,0
12381,0
12382,1
12383,1
12384,0
12385,0
12386,0
12387,0
12388,0
12389,0
12390,0
12391,1
12392,0
12393,0
12394,1
12395,0
12396,0
12397,0
12398,0
12399,1
12400,0
12401,0
12402,1
12403,0
12404,0
12405,0
12406,0
12407,0
12408,0
12409,0
12410,0
12411,0
12412,0
12413,0
12414,0
12415,0
12416,0
12417,0
12418,0
12419,0
12420,0
12421,0
12422,0
12423,0
12424,0
12425,0
12426,0
12427,1
12428,1
12429,0
12430,0
12431,0
12432,0
12433,0
12434,0
12435,0
12436,0
12437,0
12438,0
12439,0
12440,0
12441,0
12442,0
12443,0
12444,0
12445,0
12446,0
12447,0
12448,0
12449,0
12450,0
12451,0
12452,0
12453,0
12454,0
12455,0
12456,0
12457,0
12458,1
12459,1
12460,1
12461,0
12462,0
12463,0
12464,0
12465,0
12466,0
12467,0
12468,0
12469,0
12470,0
12471,0
12472,0
12473,0
12474,0
12475,0
12476,1
12477,1
12478,1
12479,0
12480,0
12481,0
12482,1
12483,1
12484,1
12485,1
12486,1
12487,1
12488,1
12489,1
12490,1
12491,0
12492,0
12493,0
12494,0
12495,0
12496,0
12497,0
12498,0
12499,0
12500,0
12501,0
12502,1
12503,0
12504,0
12505,1
12506,1
12507,1
12508,1
12509,1
12510,1
12511,1
12512,1
12513,0
12514,0
12515,0
12516,0
12517,0
12518,1
12519,1
12520,1
12521,1
12522,1
12523,1
12524,1
12525,0
12526,0
12527,0
12528,0
12529,0
12530,1
12531,1
12532,1
12533,1
12534,1
12535,1
12536,1
12537,1
12538,1
12539,1
12540,0
12541,0
12542,0
12543,0
12544,0
12545,0
12546,1
12547,0
12548,0
12549,0
12550,1
12551,0
12552,0
12553,0
12554,0
12555,1
12556,0
12557,0
12558,1
12559,0
12560,0
12561,0
12562,0
12563,1
12564,0
12565,0
12566,0
12567,0
12568,0
12569,0
12570,0
12571,0
12572,0
12573,0
12574,0
12575,0
12576,0
12577,0
12578,0
12579,0
12580,0
12581,0
12582,0
12583,0
12584,0
12585,0
12586,0
12587,0
12588,0
12589,0
12590,1
12591,1
12592,1
12593,1
12594,0
12595,0
12596,0
12597,0
12598,0
12599,0
12600,0
12601,0
12602,0
12603,0
12604,0
12605,0
12606,0
12607,0
12608,0
12609,0
12610,0
12611,0
12612,0
12613,0
12614,0
12615,0
12616,0
12617,0
12618,0
12619,0
12620,0
12621,0
12622,0
12623,1
12624,1
12625,0
12626,0
12627,0
12628,0
12629,0
12630,0
12631,0
12632,0
12633,0
12634,0
12635,0
12636,0
12637,0
12638,0
12639,0
12640,1
12641,0
12642,1
12643,1
12644,0
12645,0
12646,0
12647,1
12648,1
12649,1
12650,1
12651,1
12652,1
12653,1
12654,1
12655,1
12656,0
12657,0
12658,0
12659,0
12660,0
12661,0
12662,1
12663,0
12664,0
12665,0
12666,0
12667,0
12668,0
12669,0
12670,0
12671,1
12672,1
12673,1
12674,1
12675,1
12676,1
12677,0
12678,0
12679,0
12680,0
12681,0
12682,0
12683,1
12684,1
12685,1
12686,1
12687,1
12688,1
12689,0
12690,0
12691,0
12692,0
12693,0
12694,0
12695,1
12696,1
12697,1
12698,1
12699,1
12700,1
12701,1
12702,1
12703,1
12704,1
12705,0
12706,0
12707,0
12708,0
12709,0
12710,1
12711,1
12712,0
12713,0
12714,0
12715,0
12716,0
12717,0
12718,0
12719,0
12720,0
12721,0
12722,1
12723,0
12724,0
12725,0
12726,0
12727,0
12728,1
12729,0
12730,0
12731,0
12732,0
12733,0
12734,0
12735,0
12736,0
12737,0
12738,0
12739,0
12740,0
12741,0
12742,0
12743,0
12744,0
12745,0
12746,0
12747,0
12748,0
12749,0
12750,0
12751,0
12752,0
12753,0
12754,0
12755,1
12756,1
12757,0
12758,1
12759,0
12760,0
12761,0
12762,0
12763,0
12764,0
12765,0
12766,0
12767,0
12768,0
12769,0
12770,0
12771,0
12772,0
12773,0
12774,0
12775,0
12776,0
12777,0
12778,0
12779,0
12780,0
12781,0
12782,0
12783,0
12784,0
12785,0
12786,0
12787,0
12788,1
12789,1
12790,0
12791,0
12792,0
12793,0
12794,0
12795,0
12796,0
12797,0
12798,0
12799,0
12800,0
12801,0
12802,0
12803,0
12804,1
12805,0
12806,0
12807,1
12808,0
12809,0
12810,0
12811,0
12812,1
12813,1
12814,1
12815,1
12816,1
12817,1
12818,1
12819,1
12820,1
12821,0
12822,0
12823,0
12824,0
12825,0
12826,0
12827,0
12828,0
12829,0
12830,0
12831,0
12832,0
12833,0
12834,0
12835,0
12836,1
12837,1
12838,1
12839,1
12840,1
12841,0
12842,0
12843,0
12844,0
12845,0
12846,0
12847,1
12848,1
12849,1
12850,1
12851,1
12852,1
12853,0
12854,0
12855,0
12856,0
12857,0
12858,0
12859,0
12860,1
12861,1
12862,1
12863,1
12864,1
12865,1
12866,1
12867,1
12868,1
12869,0
12870,0
12871,0
12872,0
12873,0
12874,0
12875,1
12876,0
12877,0
12878,0
12879,0
12880,0
12881,0
12882,0
12883,0
12884,0
12885,0
12886,0
12887,1
12888,0
12889,0
12890,0
12891,0
12892,0
12893,0
12894,0
12895,0
12896,0
12897,0
12898,0
12899,0
12900,0
12901,0
12902,0
12903,0
12904,0
12905,0
12906,0
12907,0
12908,0
12909,0
12910,0
12911,0
12912,0
12913,0
12914,0
12915,0
12916,0
12917,0
12918,0
12919,1
12920,1
12921,1
12922,0
12923,0
12924,0
12925,0
12926,0
12927,0
12928,0
12929,0
12930,0
12931,0
12932,0
12933,0
12934,0
12935,0
12936,0
12937,0
12938,0
12939,1
12940,1
12941,0
12942,0
12943,0
12944,0
12945,0
12946,0
12947,0
12948,0
12949,0
12950,0
12951,0
12952,0
12953,0
12954,0
12955,1
12956,0
12957,0
12958,0
12959,0
12960,0
12961,0
12962,0
12963,0
12964,0
12965,0
12966,0
12967,0
12968,0
12969,0
12970,0
12971,0
12972,0
12973,0
12974,1
12975,0
12976,0
12977,0
12978,1
12979,1
12980,1
12981,1
12982,1
12983,1
12984,1
12985,1
12986,1
12987,1
12988,0
12989,0
12990,0
12991,0
12992,0
12993,0
12994,0
12995,0
12996,0
12997,0
12998,0
12999,0
13000,0
13001,0
13002,1
13003,1
13004,1
13005,1
13006,1
13007,1
13008,0
13009,0
13010,0
13011,0
13012,0
13013,0
13014,1
13015,1
13016,1
13017,1
13018,1
13019,0
13020,0
13021,0
13022,0
13023,0
13024,0
13025,0
13026,0
13027,1
13028,1
13029,1
13030,1
13031,1
13032,1
13033,1
13034,1
13035,1
13036,0
13037,0
13038,0
13039,0
13040,0
13041,1
13042,1
13043,0
13044,0
13045,0
13046,0
13047,0
13048,0
13049,0
13050,0
13051,0
13052,0
13053,1
13054,0
13055,0
13056,0
13057,0
13058,0
13059,0
13060,0
13061,0
13062,0
13063,0
13064,0
13065,0
13066,0
13067,0
13068,0
13069,0
13070,0
13071,0
13072,0
13073,0
13074,0
13075,0
13076,0
13077,0
13078,0
13079,0
13080,0
13081,0
13082,0
13083,0
13084,0
13085,0
13086,1
13087,1
13088,0
13089,0
13090,1
13091,0
13092,0
13093,0
13094,0
13095,0
13096,0
13097,0
13098,0
13099,0
13100,0
13101,0
13102,0
13103,0
13104,0
13105,0
13106,1
13107,1
13108,0
13109,0
13110,0
13111,0
13112,0
13113,0
13114,0
13115,0
13116,0
13117,0
13118,0
13119,0
13120,0
13121,0
13122,1
13123,1
13124,0
13125,0
13126,0
13127,1
13128,0
13129,0
13130,0
13131,0
13132,0
13133,0
13134,0
13135,0
13136,0
13137,0
13138,0
13139,0
13140,0
13141,0
13142,1
13143,0
13144,0
13145,0
13146,1
13147,1
13148,1
13149,1
13150,1
13151,1
13152,1
13153,1
13154,1
13155,0
13156,0
13157,0
13158,0
13159,0
13160,0
13161,0
13162,0
13163,0
13164,0
13165,0
13166,0
13167,0
13168,0
13169,1
13170,1
13171,1
13172,1
13173,1
13174,1
13175,0
13176,0
13177,0
13178,0
13179,0
13180,0
13181,1
13182,1
13183,1
13184,1
13185,1
13186,0
13187,0
13188,0
13189,0
13190,0
13191,0
13192,0
13193,0
13194,0
13195,1
13196,1
13197,1
13198,1
13199,1
13200,1
13201,1
13202,1
13203,0
13204,0
13205,0
13206,0
13207,0
13208,0
13209,1
13210,0
13211,0
13212,0
13213,0
13214,0
13215,0
13216,0
13217,0
13218,0
13219,0
13220,0
13221,1
13222,0
13223,0
13224,0
13225,0
13226,0
13227,0
13228,0
13229,0
13230,0
13231,0
13232,0
13233,0
13234,0
13235,0
13236,0
13237,0
13238,0
13239,0
13240,0
13241,0
13242,0
13243,0
13244,0
13245,0
13246,0
13247,0
13248,0
13249,0
13250,0
13251,0
13252,0
13253,1
13254,1
13255,1
13256,0
13257,0
13258,0
13259,0
13260,0
13261,0
13262,0
13263,0
13264,0
13265,0
13266,0
13267,0
13268,0
13269,0
13270,0
13271,0
13272,0
13273,1
13274,1
13275,0
13276,0
13277,0
13278,0
13279,0
13280,0
13281,0
13282,0
13283,0
13284,0
13285,0
13286,0
13287,0
13288,0
13289,0
13290,1
13291,0
13292,0
13293,0
13294,0
13295,0
13296,0
13297,0
13298,0
13299,0
13300,0
13301,0
13302,0
13303,0
13304,0
13305,0
13306,0
13307,0
13308,0
13309,0
13310,0
13311,0
13312,0
13313,0
13314,1
13315,1
13316,1
13317,1
13318,1
13319,1
13320,1
13321,1
13322,0
13323,0
13324,0
13325,0
13326,0
13327,0
13328,0
13329,0
13330,0
13331,0
13332,0
13333,0
13334,0
13335,0
13336,1
13337,1
13338,1
13339,1
13340,1
13341,1
13342,0
13343,0
13344,0
13345,0
13346,0
13347,0
13348,1
13349,1
13350,1
13351,1
13352,1
13353,0
13354,0
13355,0
13356,0
13357,0
13358,0
13359,0
13360,0
13361,0
13362,0
13363,1
13364,1
13365,1
13366,1
13367,1
13368,1
13369,1
13370,1
13371,0
13372,0
13373,0
13374,0
13375,0
13376,0
13377,0
13378,0
13379,0
13380,0
13381,0
13382,0
13383,0
13384,0
13385,0
13386,0
13387,0
13388,1
13389,0
13390,0
13391,0
13392,0
13393,0
13394,0
13395,0
13396,0
13397,0
13398,0
13399,0
13400,0
13401,0
13402,0
13403,0
13404,0
13405,0
13406,0
13407,0
13408,0
13409,0
13410,0
13411,0
13412,0
13413,0
13414,0
13415,0
13416,0
13417,0
13418,0
13419,0
13420,1
13421,1
13422,1
13423,0
13424,0
13425,0
13426,0
13427,0
13428,0
13429,0
13430,0
13431,0
13432,0
13433,0
13434,0
13435,0
13436,0
13437,0
13438,0
13439,0
13440,0
13441,1
13442,1
13443,0
13444,0
13445,0
13446,0
13447,0
13448,0
13449,0
13450,0
13451,0
13452,0
13453,0
13454,0
13455,0
13456,0
13457,0
13458,1
13459,1
13460,0
13461,0
13462,0
13463,1
13464,0
13465,0
13466,0
13467,0
13468,0
13469,0
13470,0
13471,0
13472,0
13473,0
13474,0
13475,0
13476,0
13477,0
13478,0
13479,0
13480,0
13481,0
13482,1
13483,1
13484,1
13485,1
13486,1
13487,1
13488,1
13489,1
13490,0
13491,0
13492,0
13493,0
13494,0
13495,0
13496,0
13497,0
13498,0
13499,0
13500,0
13501,0
13502,0
13503,0
13504,0
13505,1
13506,1
13507,1
13508,1
13509,1
13510,1
13511,0
13512,0
13513,0
13514,0
13515,0
13516,1
13517,1
13518,1
13519,1
13520,1
13521,0
13522,0
13523,0
13524,0
13525,0
13526,0
13527,0
13528,0
13529,0
13530,0
13531,1
13532,1
13533,1
13534,1
13535,1
13536,1
13537,1
13538,1
13539,0
13540,0
13541,0
13542,0
13543,0
13544,0
13545,0
13546,0
13547,0
13548,0
13549,0
13550,0
13551,0
13552,0
13553,0
13554,0
13555,0
13556,0
13557,1
13558,0
13559,0
13560,0
13561,0
13562,0
13563,0
13564,0
13565,0
13566,0
13567,0
13568,0
13569,0
13570,0
13571,0
13572,0
13573,0
13574,0
13575,0
13576,0
13577,0
13578,0
13579,0
13580,0
13581,0
13582,0
13583,0
13584,0
13585,0
13586,0
13587,0
13588,0
13589,1
13590,1
13591,1
13592,0
13593,0
13594,0
13595,1
13596,0
13597,0
13598,0
13599,0
13600,0
13601,0
13602,0
13603,0
13604,0
13605,0
13606,0
13607,0
13608,0
13609,1
13610,1
13611,0
13612,0
13613,0
13614,0
13615,0
13616,0
13617,0
13618,0
13619,0
13620,0
13621,0
13622,0
13623,0
13624,0
13625,0
13626,0
13627,1
13628,0
13629,0
13630,0
13631,0
13632,0
13633,0
13634,0
13635,0
13636,0
13637,0
13638,0
13639,0
13640,0
13641,0
13642,0
13643,0
13644,0
13645,0
13646,0
13647,0
13648,0
13649,0
13650,0
13651,1
13652,1
13653,1
13654,1
13655,1
13656,1
13657,1
13658,1
13659,0
13660,0
13661,0
13662,0
13663,0
13664,0
13665,0
13666,0
13667,0
13668,0
13669,0
13670,0
13671,0
13672,0
13673,1
13674,1
13675,1
13676,1
13677,1
13678,1
13679,0
13680,0
13681,0
13682,0
13683,0
13684,0
13685,1
13686,1
13687,1
13688,1
13689,1
13690,0
13691,0
13692,0
13693,0
13694,0
13695,0
13696,0
13697,0
13698,0
13699,0
13700,1
13701,1
13702,1
13703,1
13704,1
13705,1
13706,1
13707,0
13708,0
13709,0
13710,0
13711,0
13712,0
13713,0
13714,0
13715,0
13716,0
13717,0
13718,0
13719,0
13720,0
13721,0
13722,0
13723,0
13724,0
13725,1
13726,1
13727,0
13728,0
13729,0
13730,0
13731,0
13732,0
13733,0
13734,0
13735,0
13736,0
13737,0
13738,0
13739,0
13740,0
13741,0
13742,0
13743,0
13744,0
13745,1
13746,0
13747,0
13748,0
13749,0
13750,0
13751,0
13752,0
13753,0
13754,0
13755,0
13756,0
13757,1
13758,1
13759,1
13760,0
13761,0
13762,0
13763,0
13764,0
13765,0
13766,1
13767,0
13768,0
13769,0
13770,0
13771,0
13772,0
13773,0
13774,0
13775,0
13776,0
13777,1
13778,1
13779,1
13780,0
13781,0
13782,0
13783,0
13784,0
13785,0
13786,0
13787,0
13788,0
13789,0
13790,0
13791,0
13792,0
13793,0
13794,0
13795,1
13796,1
13797,0
13798,0
13799,0
13800,0
13801,0
13802,0
13803,0
13804,0
13805,0
13806,0
13807,0
13808,0
13809,0
13810,0
13811,0
13812,0
13813,0
13814,0
13815,0
13816,0
13817,0
13818,0
13819,0
13820,1
13821,1
13822,1
13823,1
13824,1
13825,1
13826,1
13827,0
13828,0
13829,0
13830,0
13831,0
13832,0
13833,0
13834,0
13835,0
13836,0
13837,0
13838,0
13839,0
13840,0
13841,1
13842,1
13843,1
13844,1
13845,1
13846,1
13847,0
13848,0
13849,0
13850,0
13851,0
13852,0
13853,1
13854,1
13855,1
13856,1
13857,1
13858,0
13859,0
13860,0
13861,0
13862,0
13863,0
13864,0
13865,0
13866,0
13867,0
13868,1
13869,1
13870,1
13871,1
13872,1
13873,1
13874,1
13875,0
13876,0
13877,0
13878,0
13879,0
13880,0
13881,0
13882,0
13883,0
13884,0
13885,0
13886,0
13887,0
13888,0
13889,0
13890,0
13891,0
13892,0
13893,0
13894,1
13895,1
13896,0
13897,0
13898,0
13899,0
13900,0
13901,0
13902,0
13903,0
13904,0
13905,0
13906,0
13907,0
13908,0
13909,0
13910,0
13911,0
13912,0
13913,0
13914,0
13915,0
13916,0
13917,0
13918,0
13919,0
13920,0
13921,0
13922,0
13923,0
13924,0
13925,1
13926,1
13927,1
13928,1
13929,0
13930,0
13931,0
13932,0
13933,0
13934,0
13935,1
13936,0
13937,0
13938,0
13939,0
13940,0
13941,0
13942,0
13943,0
13944,0
13945,0
13946,1
13947,1
13948,1
13949,0
13950,0
13951,0
13952,0
13953,0
13954,0
13955,0
13956,0
13957,0
13958,0
13959,0
13960,0
13961,0
13962,0
13963,0
13964,1
13965,0
13966,0
13967,0
13968,0
13969,0
13970,0
13971,0
13972,0
13973,0
13974,0
13975,0
13976,0
13977,0
13978,0
13979,0
13980,0
13981,0
13982,0
13983,0
13984,0
13985,0
13986,0
13987,0
13988,0
13989,1
13990,1
13991,1
13992,1
13993,1
13994,1
13995,0
13996,0
13997,0
13998,0
13999,1
14000,0
14001,0
14002,0
14003,0
14004,0
14005,0
14006,0
14007,0
14008,0
14009,0
14010,1
14011,1
14012,1
14013,1
14014,1
14015,0
14016,0
14017,0
14018,0
14019,0
14020,0
14021,1
14022,1
14023,1
14024,1
14025,1
14026,1
14027,0
14028,0
14029,0
14030,0
14031,0
14032,0
14033,0
14034,0
14035,0
14036,0
14037,1
14038,1
14039,1
14040,1
14041,1
14042,1
14043,1
14044,0
14045,0
14046,0
14047,0
14048,0
14049,0
14050,0
14051,0
14052,0
14053,0
14054,0
14055,0
14056,0
14057,0
14058,0
14059,0
14060,0
14061,0
14062,1
14063,1
14064,1
14065,0
14066,0
14067,0
14068,0
14069,0
14070,0
14071,0
14072,0
14073,0
14074,0
14075,0
14076,0
14077,0
14078,0
14079,0
14080,0
14081,0
14082,0
14083,0
14084,0
14085,0
14086,0
14087,0
14088,0
14089,0
14090,0
14091,0
14092,0
14093,0
14094,1
14095,1
14096,1
14097,0
14098,0
14099,0
14100,0
14101,0
14102,0
14103,1
14104,0
14105,0
14106,0
14107,0
14108,0
14109,0
14110,0
14111,0
14112,0
14113,0
14114,0
14115,1
14116,1
14117,1
14118,0
14119,0
14120,0
14121,0
14122,0
14123,0
14124,0
14125,0
14126,0
14127,0
14128,0
14129,0
14130,0
14131,0
14132,0
14133,1
14134,1
14135,0
14136,0
14137,0
14138,0
14139,0
14140,0
14141,0
14142,0
14143,0
14144,0
14145,0
14146,0
14147,0
14148,0
14149,0
14150,0
14151,0
14152,0
14153,0
14154,0
14155,0
14156,0
14157,0
14158,0
14159,1
14160,1
14161,1
14162,1
14163,1
14164,1
14165,0
14166,0
14167,0
14168,0
14169,0
14170,0
14171,0
14172,0
14173,0
14174,0
14175,0
14176,0
14177,0
14178,0
14179,1
14180,1
14181,1
14182,1
14183,1
14184,1
14185,0
14186,0
14187,0
14188,0
14189,0
14190,1
14191,1
14192,1
14193,1
14194,1
14195,1
14196,0
14197,0
14198,0
14199,0
14200,0
14201,0
14202,0
14203,0
14204,0
14205,0
14206,1
14207,1
14208,1
14209,1
14210,1
14211,1
14212,1
14213,0
14214,0
14215,0
14216,0
14217,0
14218,0
14219,0
14220,0
14221,0
14222,0
14223,0
14224,0
14225,0
14226,0
14227,0
14228,0
14229,0
14230,0
14231,0
14232,1
14233,1
14234,1
14235,0
14236,0
14237,0
14238,0
14239,0
14240,0
14241,0
14242,0
14243,1
14244,0
14245,0
14246,0
14247,0
14248,0
14249,0
14250,0
14251,0
14252,0
14253,1
14254,0
14255,0
14256,0
14257,0
14258,0
14259,0
14260,0
14261,0
14262,0
14263,1
14264,1
14265,1
14266,0
14267,0
14268,0
14269,0
14270,0
14271,0
14272,0
14273,0
14274,0
14275,0
14276,0
14277,0
14278,0
14279,0
14280,0
14281,0
14282,0
14283,0
14284,1
14285,1
14286,1
14287,0
14288,0
14289,0
14290,0
14291,0
14292,0
14293,0
14294,0
14295,0
14296,0
14297,0
14298,0
14299,0
14300,0
14301,0
14302,0
14303,1
14304,0
14305,0
14306,0
14307,0
14308,0
14309,0
14310,0
14311,0
14312,0
14313,0
14314,0
14315,0
14316,0
14317,0
14318,0
14319,0
14320,0
14321,0
14322,0
14323,0
14324,0
14325,0
14326,0
14327,0
14328,0
14329,1
14330,1
14331,1
14332,1
14333,1
14334,0
14335,0
14336,0
14337,0
14338,0
14339,0
14340,0
14341,0
14342,0
14343,0
14344,0
14345,0
14346,0
14347,0
14348,0
14349,1
14350,1
14351,1
14352,1
14353,1
14354,0
14355,0
14356,0
14357,0
14358,0
14359,1
14360,1
14361,1
14362,1
14363,1
14364,1
14365,1
14366,0
14367,0
14368,0
14369,0
14370,0
14371,0
14372,0
14373,0
14374,0
14375,1
14376,1
14377,1
14378,1
14379,1
14380,1
14381,1
14382,0
14383,0
14384,0
14385,0
14386,0
14387,0
14388,0
14389,0
14390,0
14391,0
14392,0
14393,0
14394,0
14395,0
14396,0
14397,0
14398,0
14399,0
14400,0
14401,1
14402,1
14403,1
14404,0
14405,0
14406,0
14407,0
14408,0
14409,0
14410,0
14411,0
14412,0
14413,0
14414,0
14415,0
14416,0
14417,0
14418,0
14419,0
14420,0
14421,0
14422,0
14423,0
14424,0
14425,0
14426,0
14427,0
14428,0
14429,0
14430,0
14431,0
14432,0
14433,1
14434,1
14435,0
14436,0
14437,0
14438,0
14439,0
14440,0
14441,0
14442,0
14443,0
14444,0
14445,0
14446,0
14447,0
14448,0
14449,0
14450,0
14451,0
14452,0
14453,0
14454,1
14455,1
14456,0
14457,0
14458,0
14459,0
14460,0
14461,0
14462,0
14463,0
14464,0
14465,0
14466,0
14467,0
14468,0
14469,0
14470,0
14471,0
14472,0
14473,0
14474,1
14475,1
14476,0
14477,0
14478,0
14479,0
14480,0
14481,0
14482,0
14483,0
14484,0
14485,0
14486,0
14487,0
14488,0
14489,0
14490,0
14491,0
14492,0
14493,0
14494,0
14495,0
14496,0
14497,0
14498,0
14499,0
14500,0
14501,1
14502,1
14503,1
14504,1
14505,1
14506,0
14507,0
14508,0
14509,0
14510,0
14511,0
14512,0
14513,0
14514,0
14515,0
14516,0
14517,0
14518,0
14519,0
14520,1
14521,1
14522,1
14523,1
14524,1
14525,0
14526,0
14527,0
14528,0
14529,0
14530,0
14531,1
14532,1
14533,1
14534,1
14535,1
14536,1
14537,0
14538,0
14539,0
14540,0
14541,0
14542,0
14543,0
14544,0
14545,0
14546,1
14547,1
14548,1
14549,1
14550,1
14551,1
14552,1
14553,1
14554,0
14555,0
14556,0
14557,0
14558,0
14559,0
14560,0
14561,0
14562,0
14563,0
14564,0
14565,0
14566,0
14567,0
14568,0
14569,0
14570,0
14571,0
14572,1
14573,1
14574,1
14575,0
14576,0
14577,1
14578,0
14579,0
14580,0
14581,0
14582,0
14583,0
14584,1
14585,0
14586,0
14587,0
14588,1
14589,0
14590,0
14591,0
14592,0
14593,0
14594,1
14595,0
14596,0
14597,0
14598,0
14599,0
14600,0
14601,0
14602,0
14603,0
14604,1
14605,1
14606,0
14607,0
14608,0
14609,0
14610,0
14611,0
14612,0
14613,0
14614,0
14615,0
14616,0
14617,0
14618,0
14619,0
14620,0
14621,0
14622,0
14623,0
14624,0
14625,0
14626,0
14627,0
14628,0
14629,0
14630,0
14631,0
14632,0
14633,0
14634,0
14635,0
14636,0
14637,0
14638,0
14639,0
14640,0
14641,0
14642,0
14643,0
14644,0
14645,0
14646,1
14647,0
14648,0
14649,0
14650,0
14651,0
14652,0
14653,0
14654,0
14655,0
14656,0
14657,0
14658,0
14659,0
14660,0
14661,0
14662,0
14663,0
14664,0
14665,0
14666,0
14667,0
14668,0
14669,0
14670,0
14671,0
14672,1
14673,1
14674,1
14675,1
14676,1
14677,0
14678,0
14679,0
14680,0
14681,0
14682,0
14683,0
14684,0
14685,0
14686,1
14687,0
14688,0
14689,0
14690,1
14691,0
14692,1
14693,1
14694,1
14695,1
14696,1
14697,0
14698,0
14699,0
14700,0
14701,0
14702,1
14703,1
14704,1
14705,1
14706,1
14707,1
14708,1
14709,0
14710,0
14711,0
14712,1
14713,0
14714,0
14715,0
14716,0
14717,1
14718,1
14719,1
14720,1
14721,1
14722,1
14723,1
14724,1
14725,0
14726,0
14727,0
14728,0
14729,0
14730,0
14731,0
14732,0
14733,0
14734,0
14735,0
14736,0
14737,0
14738,0
14739,0
14740,0
14741,0
14742,0
14743,0
14744,1
14745,1
14746,0
14747,0
14748,0
14749,0
14750,0
14751,0
14752,0
14753,0
14754,0
14755,0
14756,0
14757,0
14758,0
14759,1
14760,0
14761,0
14762,0
14763,0
14764,0
14765,1
14766,0
14767,0
14768,0
14769,0
14770,0
14771,1
14772,0
14773,0
14774,1
14775,1
14776,1
14777,1
14778,0
14779,0
14780,0
14781,0
14782,0
14783,0
14784,0
14785,0
14786,0
14787,0
14788,0
14789,0
14790,0
14791,0
14792,0
14793,0
14794,0
14795,0
14796,0
14797,0
14798,0
14799,0
14800,0
14801,0
14802,0
14803,0
14804,0
14805,0
14806,0
14807,0
14808,0
14809,0
14810,0
14811,0
14812,0
14813,0
14814,0
14815,0
14816,0
14817,0
14818,1
14819,0
14820,0
14821,0
14822,0
14823,0
14824,0
14825,0
14826,0
14827,0
14828,0
14829,0
14830,0
14831,0
14832,0
14833,0
14834,0
14835,0
14836,0
14837,0
14838,0
14839,0
14840,0
14841,0
14842,0
14843,0
14844,0
14845,1
14846,1
14847,1
14848,1
14849,0
14850,0
14851,0
14852,0
14853,0
14854,0
14855,0
14856,0
14857,0
14858,0
14859,0
14860,0
14861,0
14862,0
14863,1
14864,1
14865,1
14866,1
14867,1
14868,1
14869,0
14870,0
14871,0
14872,0
14873,0
14874,0
14875,1
14876,1
14877,1
14878,1
14879,1
14880,1
14881,0
14882,0
14883,0
14884,1
14885,1
14886,0
14887,1
14888,1
14889,1
14890,1
14891,1
14892,1
14893,1
14894,1
14895,1
14896,1
14897,0
14898,0
14899,0
14900,0
14901,0
14902,0
14903,0
14904,0
14905,0
14906,0
14907,0
14908,0
14909,0
14910,0
14911,0
14912,0
14913,0
14914,0
14915,0
14916,1
14917,1
14918,1
14919,0
14920,0
14921,0
14922,0
14923,0
14924,0
14925,0
14926,0
14927,0
14928,0
14929,0
14930,0
14931,0
14932,0
14933,0
14934,0
14935,0
14936,0
14937,0
14938,1
14939,0
14940,0
14941,0
14942,0
14943,1
14944,1
14945,0
14946,1
14947,1
14948,1
14949,1
14950,0
14951,0
14952,0
14953,0
14954,0
14955,0
14956,0
14957,0
14958,0
14959,0
14960,0
14961,0
14962,0
14963,0
14964,0
14965,0
14966,0
14967,0
14968,0
14969,0
14970,0
14971,0
14972,0
14973,0
14974,0
14975,0
14976,0
14977,0
14978,0
14979,0
14980,0
14981,0
14982,0
14983,0
14984,0
14985,0
14986,0
14987,0
14988,0
14989,0
14990,0
14991,1
14992,0
14993,0
14994,0
14995,0
14996,0
14997,0
14998,0
14999,0
15000,0
15001,0
15002,0
15003,0
15004,1
15005,0
15006,0
15007,0
15008,0
15009,0
15010,0
15011,0
15012,0
15013,0
15014,0
15015,0
15016,1
15017,1
15018,1
15019,1
15020,1
15021,1
15022,0
15023,0
15024,0
15025,0
15026,0
15027,0
15028,0
15029,0
15030,0
15031,0
15032,0
15033,0
15034,0
15035,1
15036,0
15037,1
15038,0
15039,1
15040,1
15041,1
15042,0
15043,0
15044,0
15045,0
15046,0
15047,1
15048,1
15049,1
15050,1
15051,1
15052,1
15053,1
15054,0
15055,0
15056,1
15057,1
15058,1
15059,1
15060,1
15061,1
15062,1
15063,1
15064,1
15065,1
15066,1
15067,1
15068,1
15069,0
15070,0
15071,0
15072,0
15073,0
15074,0
15075,0
15076,0
15077,0
15078,0
15079,0
15080,0
15081,0
15082,0
15083,0
15084,0
15085,0
15086,0
15087,0
15088,1
15089,1
15090,1
15091,0
15092,0
15093,0
15094,0
15095,0
15096,0
15097,0
15098,0
15099,0
15100,0
15101,0
15102,0
15103,0
15104,0
15105,0
15106,0
15107,0
15108,0
15109,0
15110,1
15111,0
15112,0
15113,1
15114,0
15115,1
15116,1
15117,1
15118,1
15119,1
15120,1
15121,1
15122,1
15123,0
15124,0
15125,0
15126,0
15127,0
15128,0
15129,0
15130,0
15131,0
15132,0
15133,0
15134,0
15135,0
15136,0
15137,0
15138,0
15139,0
15140,0
15141,0
15142,0
15143,0
15144,0
15145,0
15146,0
15147,0
15148,0
15149,0
15150,0
15151,0
15152,1
15153,1
15154,0
15155,0
15156,0
15157,0
15158,0
15159,0
15160,0
15161,0
15162,0
15163,0
15164,0
15165,0
15166,0
15167,0
15168,0
15169,0
15170,0
15171,0
15172,0
15173,0
15174,0
15175,0
15176,0
15177,0
15178,1
15179,0
15180,0
15181,0
15182,0
15183,0
15184,0
15185,0
15186,0
15187,0
15188,0
15189,0
15190,1
15191,1
15192,1
15193,1
15194,1
15195,0
15196,0
15197,0
15198,0
15199,0
15200,0
15201,0
15202,0
15203,0
15204,0
15205,0
15206,0
15207,0
15208,0
15209,0
15210,1
15211,0
15212,0
15213,1
15214,1
15215,0
15216,0
15217,0
15218,0
15219,0
15220,0
15221,1
15222,1
15223,1
15224,1
15225,1
15226,0
15227,0
15228,0
15229,1
15230,1
15231,1
15232,1
15233,1
15234,1
15235,1
15236,1
15237,1
15238,1
15239,1
15240,1
15241,1
15242,1
15243,0
15244,0
15245,0
15246,0
15247,0
15248,0
15249,0
15250,0
15251,0
15252,0
15253,0
15254,0
15255,0
15256,0
15257,0
15258,0
15259,0
15260,0
15261,1
15262,1
15263,1
15264,1
15265,0
15266,0
15267,0
15268,0
15269,0
15270,0
15271,0
15272,0
15273,0
15274,0
15275,0
15276,0
15277,0
15278,1
15279,0
15280,0
15281,0
15282,0
15283,0
15284,1
15285,0
15286,0
15287,1
15288,0
15289,1
15290,1
15291,1
15292,1
15293,1
15294,1
15295,1
15296,0
15297,0
15298,0
15299,0
15300,0
15301,0
15302,0
15303,0
15304,0
15305,0
15306,0
15307,0
15308,0
15309,0
15310,0
15311,0
15312,0
15313,0
15314,0
15315,0
15316,0
15317,0
15318,0
15319,0
15320,0
15321,0
15322,0
15323,0
15324,0
15325,1
15326,1
15327,1
15328,0
15329,0
15330,0
15331,0
15332,0
15333,0
15334,0
15335,0
15336,0
15337,0
15338,0
15339,0
15340,0
15341,0
15342,0
15343,0
15344,0
15345,0
15346,0
15347,0
15348,0
15349,0
15350,0
15351,0
15352,1
15353,0
15354,0
15355,0
15356,0
15357,0
15358,0
15359,0
15360,0
15361,0
15362,0
15363,1
15364,1
15365,1
15366,1
15367,1
15368,1
15369,0
15370,0
15371,0
15372,0
15373,0
15374,0
15375,0
15376,0
15377,0
15378,0
15379,0
15380,0
15381,0
15382,0
15383,0
15384,0
15385,0
15386,0
15387,1
15388,0
15389,0
15390,0
15391,0
15392,0
15393,0
15394,1
15395,1
15396,1
15397,1
15398,1
15399,0
15400,0
15401,0
15402,0
15403,1
15404,1
15405,1
15406,1
15407,1
15408,1
15409,1
15410,1
15411,1
15412,1
15413,1
15414,1
15415,1
15416,0
15417,0
15418,0
15419,0
15420,0
15421,0
15422,0
15423,0
15424,0
15425,0
15426,0
15427,0
15428,0
15429,0
15430,0
15431,0
15432,0
15433,0
15434,1
15435,1
15436,1
15437,1
15438,0
15439,0
15440,0
15441,0
15442,0
15443,0
15444,0
15445,0
15446,1
15447,0
15448,0
15449,0
15450,0
15451,0
15452,0
15453,0
15454,0
15455,0
15456,0
15457,1
15458,1
15459,0
15460,0
15461,0
15462,1
15463,1
15464,1
15465,1
15466,1
15467,1
15468,1
15469,1
15470,0
15471,0
15472,0
15473,0
15474,0
15475,0
15476,0
15477,0
15478,0
15479,0
15480,0
15481,0
15482,0
15483,0
15484,0
15485,0
15486,0
15487,0
15488,0
15489,0
15490,0
15491,0
15492,0
15493,0
15494,0
15495,0
15496,0
15497,0
15498,0
15499,1
15500,1
15501,1
15502,0
15503,0
15504,0
15505,0
15506,0
15507,0
15508,0
15509,0
15510,0
15511,0
15512,0
15513,0
15514,0
15515,0
15516,0
15517,0
15518,0
15519,0
15520,0
15521,0
15522,0
15523,0
15524,0
15525,0
15526,1
15527,0
15528,0
15529,0
15530,0
15531,0
15532,0
15533,0
15534,0
15535,0
15536,0
15537,1
15538,1
15539,1
15540,1
15541,1
15542,1
15543,0
15544,0
15545,0
15546,0
15547,0
15548,1
15549,1
15550,0
15551,0
15552,0
15553,0
15554,0
15555,0
15556,0
15557,0
15558,0
15559,0
15560,0
15561,0
15562,0
15563,0
15564,0
15565,0
15566,0
15567,0
15568,0
15569,1
15570,1
15571,1
15572,1
15573,0
15574,0
15575,0
15576,0
15577,0
15578,1
15579,0
15580,1
15581,1
15582,1
15583,1
15584,1
15585,1
15586,1
15587,1
15588,1
15589,1
15590,0
15591,0
15592,0
15593,0
15594,0
15595,0
15596,0
15597,0
15598,0
15599,0
15600,0
15601,0
15602,0
15603,0
15604,0
15605,0
15606,0
15607,0
15608,1
15609,1
15610,1
15611,1
15612,0
15613,0
15614,0
15615,0
15616,0
15617,0
15618,0
15619,0
15620,0
15621,0
15622,0
15623,0
15624,0
15625,0
15626,0
15627,0
15628,0
15629,0
15630,0
15631,1
15632,1
15633,1
15634,0
15635,0
15636,1
15637,1
15638,1
15639,1
15640,1
15641,1
15642,1
15643,1
15644,1
15645,0
15646,0
15647,0
15648,0
15649,0
15650,0
15651,0
15652,0
15653,0
15654,0
15655,0
15656,0
15657,0
15658,0
15659,0
15660,0
15661,0
15662,0
15663,0
15664,0
15665,0
15666,0
15667,0
15668,0
15669,0
15670,0
15671,0
15672,0
15673,1
15674,1
15675,1
15676,0
15677,0
15678,0
15679,0
15680,0
15681,0
15682,0
15683,0
15684,0
15685,0
15686,0
15687,0
15688,0
15689,0
15690,0
15691,0
15692,0
15693,0
15694,0
15695,0
15696,0
15697,0
15698,0
15699,0
15700,0
15701,1
15702,0
15703,0
15704,0
15705,0
15706,0
15707,0
15708,0
15709,0
15710,0
15711,0
15712,1
15713,1
15714,1
15715,1
15716,1
15717,0
15718,0
15719,0
15720,0
15721,0
15722,0
15723,1
15724,1
15725,0
15726,0
15727,0
15728,0
15729,0
15730,0
15731,0
15732,0
15733,0
15734,0
15735,0
15736,0
15737,0
15738,0
15739,0
15740,0
15741,0
15742,0
15743,1
15744,1
15745,1
15746,1
15747,0
15748,0
15749,0
15750,0
15751,0
15752,0
15753,0
15754,0
15755,1
15756,1
15757,1
15758,1
15759,1
15760,1
15761,1
15762,1
15763,1
15764,1
15765,0
15766,0
15767,0
15768,0
15769,0
15770,0
15771,0
15772,0
15773,0
15774,0
15775,0
15776,0
15777,0
15778,0
15779,0
15780,0
15781,0
15782,1
15783,1
15784,1
15785,1
15786,0
15787,0
15788,0
15789,1
15790,0
15791,0
15792,0
15793,0
15794,0
15795,0
15796,0
15797,0
15798,0
15799,0
15800,0
15801,0
15802,0
15803,0
15804,0
15805,1
15806,1
15807,1
15808,1
15809,0
15810,1
15811,1
15812,1
15813,1
15814,1
15815,1
15816,1
15817,1
15818,1
15819,1
15820,1
15821,0
15822,0
15823,0
15824,0
15825,0
15826,0
15827,0
15828,0
15829,0
15830,0
15831,0
15832,0
15833,0
15834,0
15835,0
15836,0
15837,0
15838,0
15839,0
15840,0
15841,0
15842,0
15843,0
15844,0
15845,0
15846,0
15847,1
15848,1
15849,1
15850,1
15851,0
15852,0
15853,0
15854,0
15855,0
15856,0
15857,0
15858,0
15859,0
15860,0
15861,0
15862,0
15863,0
15864,0
15865,0
15866,0
15867,0
15868,0
15869,0
15870,0
15871,0
15872,0
15873,0
15874,0
15875,0
15876,0
15877,0
15878,0
15879,0
15880,0
15881,0
15882,0
15883,0
15884,0
15885,0
15886,0
15887,1
15888,1
15889,1
15890,1
15891,0
15892,0
15893,0
15894,0
15895,0
15896,0
15897,1
15898,1
15899,1
15900,0
15901,0
15902,0
15903,0
15904,0
15905,0
15906,0
15907,0
15908,0
15909,0
15910,0
15911,0
15912,0
15913,0
15914,0
15915,0
15916,0
15917,0
15918,1
15919,0
15920,1
15921,0
15922,0
15923,0
15924,0
15925,0
15926,0
15927,0
15928,0
15929,0
15930,1
15931,1
15932,1
15933,1
15934,1
15935,1
15936,1
15937,1
15938,1
15939,0
15940,0
15941,0
15942,0
15943,0
15944,0
15945,0
15946,0
15947,0
15948,0
15949,0
15950,0
15951,0
15952,0
15953,0
15954,1
15955,0
15956,0
15957,1
15958,1
15959,1
15960,0
15961,0
15962,0
15963,0
15964,1
15965,0
15966,0
15967,0
15968,0
15969,0
15970,0
15971,0
15972,0
15973,0
15974,0
15975,0
15976,0
15977,0
15978,1
15979,1
15980,1
15981,1
15982,1
15983,1
15984,1
15985,1
15986,1
15987,1
15988,1
15989,1
15990,1
15991,1
15992,1
15993,1
15994,1
15995,0
15996,0
15997,0
15998,0
15999,0
16000,0
16001,0
16002,0
16003,0
16004,0
16005,0
16006,0
16007,0
16008,0
16009,0
16010,0
16011,0
16012,0
16013,0
16014,0
16015,0
16016,0
16017,0
16018,0
16019,0
16020,0
16021,0
16022,1
16023,1
16024,1
16025,1
16026,0
16027,0
16028,0
16029,0
16030,0
16031,0
16032,0
16033,0
16034,0
16035,0
16036,0
16037,0
16038,0
16039,0
16040,0
16041,0
16042,0
16043,0
16044,0
16045,1
16046,1
16047,1
16048,0
16049,0
16050,0
16051,0
16052,0
16053,0
16054,0
16055,0
16056,0
16057,0
16058,0
16059,0
16060,0
16061,1
16062,1
16063,1
16064,1
16065,0
16066,0
16067,0
16068,0
16069,0
16070,0
16071,0
16072,1
16073,1
16074,1
16075,0
16076,0
16077,0
16078,1
16079,1
16080,0
16081,0
16082,0
16083,0
16084,0
16085,1
16086,0
16087,0
16088,1
16089,1
16090,1
16091,0
16092,1
16093,0
16094,0
16095,0
16096,0
16097,0
16098,0
16099,0
16100,0
16101,0
16102,0
16103,0
16104,0
16105,1
16106,1
16107,1
16108,1
16109,1
16110,1
16111,1
16112,1
16113,1
16114,0
16115,0
16116,0
16117,0
16118,0
16119,0
16120,0
16121,1
16122,0
16123,0
16124,0
16125,0
16126,0
16127,0
16128,0
16129,0
16130,0
16131,0
16132,1
16133,1
16134,0
16135,0
16136,0
16137,0
16138,1
16139,0
16140,0
16141,0
16142,0
16143,0
16144,0
16145,0
16146,0
16147,0
16148,0
16149,0
16150,0
16151,0
16152,0
16153,1
16154,1
16155,1
16156,1
16157,1
16158,1
16159,1
16160,1
16161,1
16162,1
16163,1
16164,1
16165,1
16166,1
16167,1
16168,1
16169,1
16170,0
16171,0
16172,0
16173,0
16174,0
16175,0
16176,0
16177,0
16178,0
16179,0
16180,0
16181,0
16182,0
16183,0
16184,0
16185,0
16186,0
16187,0
16188,1
16189,0
16190,0
16191,0
16192,0
16193,0
16194,0
16195,0
16196,0
16197,1
16198,1
16199,1
16200,1
16201,0
16202,0
16203,0
16204,0
16205,0
16206,0
16207,0
16208,0
16209,0
16210,0
16211,0
16212,0
16213,0
16214,0
16215,1
16216,0
16217,0
16218,0
16219,0
16220,1
16221,0
16222,0
16223,0
16224,0
16225,0
16226,0
16227,0
16228,0
16229,0
16230,0
16231,0
16232,0
16233,0
16234,0
16235,0
16236,1
16237,1
16238,1
16239,0
16240,0
16241,0
16242,0
16243,0
16244,0
16245,0
16246,1
16247,1
16248,1
16249,0
16250,0
16251,0
16252,0
16253,0
16254,1
16255,0
16256,0
16257,1
16258,0
16259,0
16260,0
16261,0
16262,0
16263,1
16264,1
16265,0
16266,0
16267,1
16268,0
16269,0
16270,0
16271,0
16272,0
16273,0
16274,0
16275,0
16276,0
16277,0
16278,0
16279,0
16280,1
16281,1
16282,1
16283,1
16284,1
16285,1
16286,1
16287,1
16288,0
16289,0
16290,0
16291,0
16292,0
16293,0
16294,0
16295,0
16296,1
16297,0
16298,0
16299,0
16300,0
16301,0
16302,0
16303,0
16304,0
16305,0
16306,1
16307,1
16308,0
16309,0
16310,0
16311,0
16312,0
16313,0
16314,0
16315,0
16316,0
16317,0
16318,0
16319,0
16320,0
16321,0
16322,0
16323,0
16324,0
16325,0
16326,0
16327,0
16328,1
16329,1
16330,1
16331,1
16332,1
16333,1
16334,1
16335,1
16336,1
16337,1
16338,1
16339,1
16340,1
16341,1
16342,1
16343,1
16344,0
16345,0
16346,0
16347,0
16348,0
16349,0
16350,0
16351,0
16352,0
16353,0
16354,0
16355,0
16356,0
16357,0
16358,0
16359,0
16360,0
16361,0
16362,1
16363,0
16364,0
16365,0
16366,0
16367,0
16368,0
16369,0
16370,0
16371,1
16372,1
16373,1
16374,1
16375,1
16376,0
16377,0
16378,0
16379,0
16380,0
16381,0
16382,0
16383,0
16384,0
16385,0
16386,0
16387,0
16388,0
16389,0
16390,0
16391,0
16392,0
16393,0
16394,0
16395,1
16396,1
16397,0
16398,0
16399,0
16400,0
16401,0
16402,0
16403,0
16404,0
16405,0
16406,0
16407,0
16408,0
16409,0
16410,0
16411,0
16412,1
16413,1
16414,0
16415,0
16416,0
16417,0
16418,0
16419,0
16420,0
16421,0
16422,1
16423,1
16424,1
16425,0
16426,0
16427,0
16428,0
16429,0
16430,0
16431,0
16432,0
16433,0
16434,0
16435,0
16436,0
16437,0
16438,1
16439,0
16440,0
16441,0
16442,1
16443,0
16444,0
16445,0
16446,0
16447,0
16448,0
16449,0
16450,0
16451,0
16452,0
16453,0
16454,0
16455,0
16456,1
16457,1
16458,1
16459,1
16460,1
16461,1
16462,1
16463,1
16464,0
16465,0
16466,0
16467,0
16468,0
16469,0
16470,0
16471,1
16472,0
16473,0
16474,0
16475,0
16476,0
16477,0
16478,0
16479,0
16480,0
16481,0
16482,0
16483,1
16484,0
16485,0
16486,0
16487,0
16488,0
16489,0
16490,0
16491,0
16492,0
16493,0
16494,0
16495,0
16496,0
16497,0
16498,0
16499,0
16500,0
16501,0
16502,0
16503,1
16504,1
16505,1
16506,1
16507,1
16508,1
16509,1
16510,1
16511,1
16512,1
16513,1
16514,1
16515,1
16516,1
16517,1
16518,1
16519,1
16520,0
16521,0
16522,0
16523,0
16524,0
16525,0
16526,0
16527,0
16528,0
16529,0
16530,0
16531,0
16532,0
16533,0
16534,0
16535,0
16536,0
16537,0
16538,1
16539,0
16540,0
16541,0
16542,0
16543,0
16544,0
16545,0
16546,0
16547,1
16548,1
16549,1
16550,1
16551,1
16552,0
16553,0
16554,0
16555,0
16556,0
16557,0
16558,0
16559,0
16560,0
16561,0
16562,0
16563,0
16564,0
16565,0
16566,0
16567,0
16568,0
16569,0
16570,1
16571,0
16572,1
16573,0
16574,0
16575,0
16576,0
16577,0
16578,0
16579,0
16580,0
16581,0
16582,0
16583,0
16584,0
16585,0
16586,1
16587,1
16588,0
16589,0
16590,0
16591,0
16592,0
16593,0
16594,0
16595,0
16596,1
16597,1
16598,1
16599,1
16600,0
16601,0
16602,0
16603,0
16604,0
16605,0
16606,1
16607,0
16608,0
16609,0
16610,0
16611,0
16612,1
16613,1
16614,0
16615,1
16616,0
16617,1
16618,0
16619,0
16620,0
16621,0
16622,0
16623,0
16624,0
16625,0
16626,0
16627,0
16628,0
16629,0
16630,0
16631,1
16632,1
16633,1
16634,1
16635,1
16636,1
16637,1
16638,0
16639,0
16640,0
16641,0
16642,0
16643,0
16644,0
16645,0
16646,0
16647,0
16648,0
16649,0
16650,0
16651,0
16652,0
16653,0
16654,0
16655,0
16656,0
16657,0
16658,0
16659,0
16660,0
16661,1
16662,0
16663,0
16664,0
16665,0
16666,0
16667,0
16668,0
16669,0
16670,0
16671,0
16672,0
16673,0
16674,0
16675,0
16676,0
16677,0
16678,0
16679,1
16680,1
16681,1
16682,1
16683,1
16684,1
16685,1
16686,1
16687,1
16688,1
16689,1
16690,1
16691,1
16692,1
16693,1
16694,1
16695,0
16696,0
16697,0
16698,0
16699,0
16700,0
16701,0
16702,0
16703,0
16704,0
16705,0
16706,0
16707,0
16708,0
16709,0
16710,0
16711,0
16712,0
16713,0
16714,0
16715,0
16716,0
16717,0
16718,0
16719,0
16720,0
16721,0
16722,1
16723,1
16724,1
16725,1
16726,1
16727,0
16728,0
16729,0
16730,0
16731,0
16732,0
16733,0
16734,0
16735,0
16736,0
16737,0
16738,0
16739,0
16740,0
16741,0
16742,0
16743,0
16744,0
16745,1
16746,1
16747,1
16748,0
16749,0
16750,0
16751,0
16752,0
16753,0
16754,0
16755,0
16756,0
16757,0
16758,0
16759,0
16760,0
16761,0
16762,1
16763,0
16764,0
16765,0
16766,0
16767,0
16768,0
16769,0
16770,0
16771,1
16772,1
16773,0
16774,0
16775,0
16776,0
16777,0
16778,0
16779,0
16780,0
16781,0
16782,0
16783,0
16784,0
16785,0
16786,0
16787,0
16788,0
16789,0
16790,0
16791,0
16792,1
16793,0
16794,0
16795,0
16796,0
16797,0
16798,0
16799,0
16800,1
16801,0
16802,0
16803,0
16804,0
16805,0
16806,0
16807,1
16808,1
16809,1
16810,1
16811,1
16812,1
16813,0
16814,0
16815,0
16816,0
16817,0
16818,0
16819,0
16820,0
16821,0
16822,1
16823,0
16824,0
16825,0
16826,0
16827,0
16828,0
16829,0
16830,0
16831,0
16832,0
16833,0
16834,0
16835,0
16836,0
16837,0
16838,1
16839,1
16840,0
16841,0
16842,0
16843,0
16844,0
16845,0
16846,0
16847,0
16848,0
16849,0
16850,0
16851,0
16852,0
16853,1
16854,0
16855,1
16856,1
16857,1
16858,1
16859,1
16860,1
16861,1
16862,1
16863,1
16864,1
16865,1
16866,1
16867,1
16868,1
16869,1
16870,0
16871,0
16872,0
16873,0
16874,0
16875,0
16876,0
16877,0
16878,0
16879,0
16880,1
16881,1
16882,0
16883,0
16884,0
16885,0
16886,0
16887,0
16888,1
16889,0
16890,0
16891,0
16892,0
16893,0
16894,0
16895,0
16896,0
16897,0
16898,1
16899,1
16900,1
16901,1
16902,1
16903,0
16904,0
16905,0
16906,0
16907,0
16908,0
16909,0
16910,0
16911,0
16912,0
16913,0
16914,0
16915,0
16916,0
16917,0
16918,0
16919,0
16920,1
16921,1
16922,1
16923,0
16924,0
16925,0
16926,0
16927,0
16928,0
16929,0
16930,0
16931,0
16932,0
16933,0
16934,0
16935,0
16936,0
16937,0
16938,0
16939,0
16940,0
16941,0
16942,0
16943,0
16944,0
16945,0
16946,0
16947,1
16948,1
16949,0
16950,0
16951,0
16952,0
16953,0
16954,0
16955,0
16956,0
16957,0
16958,0
16959,0
16960,1
16961,0
16962,1
16963,0
16964,0
16965,0
16966,0
16967,0
16968,1
16969,0
16970,0
16971,0
16972,0
16973,0
16974,0
16975,0
16976,0
16977,0
16978,0
16979,0
16980,0
16981,0
16982,0
16983,1
16984,1
16985,1
16986,1
16987,1
16988,0
16989,0
16990,0
16991,0
16992,0
16993,0
16994,0
16995,0
16996,0
16997,0
16998,0
16999,0
17000,0
17001,0
17002,0
17003,0
17004,0
17005,0
17006,0
17007,0
17008,0
17009,0
17010,0
17011,0
17012,0
17013,0
17014,0
17015,0
17016,0
17017,0
17018,0
17019,0
17020,0
17021,0
17022,0
17023,0
17024,0
17025,0
17026,0
17027,0
17028,0
17029,0
17030,0
17031,1
17032,1
17033,1
17034,1
17035,1
17036,1
17037,1
17038,1
17039,1
17040,1
17041,1
17042,1
17043,1
17044,1
17045,1
17046,0
17047,0
17048,0
17049,0
17050,0
17051,0
17052,0
17053,0
17054,0
17055,0
17056,0
17057,1
17058,0
17059,0
17060,0
17061,0
17062,0
17063,0
17064,0
17065,0
17066,0
17067,1
17068,0
17069,0
17070,0
17071,0
17072,0
17073,1
17074,1
17075,1
17076,1
17077,1
17078,1
17079,0
17080,0
17081,0
17082,0
17083,0
17084,0
17085,0
17086,0
17087,0
17088,0
17089,0
17090,0
17091,0
17092,0
17093,0
17094,0
17095,0
17096,1
17097,1
17098,1
17099,0
17100,0
17101,0
17102,0
17103,0
17104,0
17105,0
17106,0
17107,0
17108,0
17109,0
17110,0
17111,0
17112,0
17113,0
17114,0
17115,0
17116,0
17117,0
17118,0
17119,0
17120,0
17121,0
17122,0
17123,1
17124,0
17125,0
17126,0
17127,0
17128,0
17129,0
17130,0
17131,0
17132,0
17133,0
17134,0
17135,0
17136,0
17137,0
17138,0
17139,0
17140,0
17141,0
17142,0
17143,1
17144,1
17145,0
17146,0
17147,0
17148,0
17149,0
17150,0
17151,0
17152,1
17153,0
17154,0
17155,0
17156,0
17157,0
17158,1
17159,1
17160,1
17161,1
17162,1
17163,0
17164,0
17165,0
17166,0
17167,0
17168,0
17169,0
17170,0
17171,0
17172,0
17173,0
17174,0
17175,0
17176,0
17177,0
17178,0
17179,0
17180,0
17181,0
17182,0
17183,0
17184,0
17185,0
17186,1
17187,0
17188,0
17189,0
17190,1
17191,0
17192,0
17193,0
17194,0
17195,0
17196,0
17197,1
17198,0
17199,0
17200,0
17201,0
17202,0
17203,0
17204,0
17205,0
17206,0
17207,1
17208,1
17209,1
17210,1
17211,1
17212,1
17213,1
17214,1
17215,1
17216,1
17217,1
17218,1
17219,1
17220,1
17221,1
17222,0
17223,0
17224,0
17225,0
17226,0
17227,0
17228,0
17229,0
17230,0
17231,1
17232,1
17233,0
17234,0
17235,0
17236,0
17237,0
17238,0
17239,1
17240,0
17241,1
17242,0
17243,0
17244,0
17245,0
17246,0
17247,0
17248,0
17249,1
17250,1
17251,1
17252,1
17253,1
17254,1
17255,0
17256,0
17257,0
17258,0
17259,0
17260,0
17261,0
17262,0
17263,0
17264,0
17265,0
17266,0
17267,0
17268,0
17269,0
17270,0
17271,0
17272,1
17273,1
17274,1
17275,0
17276,0
17277,0
17278,0
17279,0
17280,0
17281,0
17282,0
17283,0
17284,0
17285,0
17286,0
17287,0
17288,0
17289,0
17290,0
17291,0
17292,0
17293,0
17294,0
17295,0
17296,0
17297,0
17298,1
17299,0
17300,0
17301,1
17302,0
17303,0
17304,0
17305,0
17306,0
17307,0
17308,0
17309,0
17310,0
17311,0
17312,0
17313,0
17314,0
17315,0
17316,0
17317,0
17318,0
17319,1
17320,0
17321,0
17322,0
17323,0
17324,0
17325,0
17326,0
17327,0
17328,0
17329,0
17330,0
17331,0
17332,0
17333,0
17334,1
17335,1
17336,1
17337,1
17338,0
17339,0
17340,0
17341,0
17342,0
17343,0
17344,0
17345,0
17346,0
17347,0
17348,0
17349,0
17350,0
17351,0
17352,0
17353,0
17354,0
17355,0
17356,0
17357,0
17358,0
17359,0
17360,0
17361,0
17362,0
17363,0
17364,0
17365,0
17366,0
17367,0
17368,0
17369,0
17370,0
17371,0
17372,0
17373,0
17374,0
17375,0
17376,0
17377,0
17378,0
17379,0
17380,0
17381,0
17382,1
17383,1
17384,1
17385,1
17386,1
17387,1
17388,1
17389,1
17390,1
17391,1
17392,1
17393,1
17394,1
17395,1
17396,1
17397,0
17398,0
17399,0
17400,0
17401,0
17402,0
17403,0
17404,0
17405,1
17406,0
17407,0
17408,0
17409,0
17410,0
17411,0
17412,1
17413,0
17414,0
17415,0
17416,0
17417,0
17418,0
17419,0
17420,0
17421,0
17422,0
17423,0
17424,0
17425,1
17426,1
17427,1
17428,1
17429,1
17430,1
17431,0
17432,0
17433,0
17434,0
17435,0
17436,0
17437,0
17438,0
17439,0
17440,0
17441,0
17442,0
17443,0
17444,0
17445,0
17446,0
17447,0
17448,1
17449,1
17450,0
17451,0
17452,0
17453,0
17454,0
17455,0
17456,0
17457,0
17458,0
17459,0
17460,0
17461,0
17462,0
17463,0
17464,0
17465,0
17466,0
17467,0
17468,0
17469,0
17470,0
17471,0
17472,0
17473,0
17474,0
17475,0
17476,0
17477,1
17478,0
17479,0
17480,0
17481,0
17482,0
17483,0
17484,0
17485,0
17486,0
17487,0
17488,0
17489,0
17490,0
17491,0
17492,0
17493,0
17494,0
17495,1
17496,0
17497,0
17498,0
17499,0
17500,0
17501,0
17502,0
17503,0
17504,0
17505,0
17506,0
17507,0
17508,0
17509,0
17510,1
17511,1
17512,1
17513,1
17514,1
17515,0
17516,0
17517,0
17518,0
17519,0
17520,0
17521,0
17522,0
17523,0
17524,0
17525,0
17526,0
17527,0
17528,0
17529,0
17530,0
17531,0
17532,0
17533,0
17534,0
17535,0
17536,0
17537,0
17538,0
17539,0
17540,0
17541,0
17542,0
17543,0
17544,0
17545,0
17546,0
17547,0
17548,0
17549,0
17550,0
17551,0
17552,0
17553,0
17554,0
17555,1
17556,0
17557,0
17558,0
17559,1
17560,1
17561,1
17562,1
17563,1
17564,1
17565,1
17566,1
17567,1
17568,1
17569,1
17570,1
17571,1
17572,1
17573,1
17574,0
17575,0
17576,0
17577,0
17578,0
17579,0
17580,0
17581,1
17582,1
17583,0
17584,0
17585,0
17586,0
17587,0
17588,0
17589,0
17590,0
17591,0
17592,0
17593,1
17594,0
17595,0
17596,0
17597,0
17598,0
17599,0
17600,0
17601,0
17602,1
17603,1
17604,1
17605,1
17606,1
17607,0
17608,0
17609,0
17610,0
17611,0
17612,0
17613,0
17614,0
17615,0
17616,0
17617,0
17618,0
17619,0
17620,0
17621,0
17622,0
17623,0
17624,1
17625,0
17626,0
17627,0
17628,0
17629,0
17630,0
17631,0
17632,0
17633,0
17634,0
17635,0
17636,0
17637,0
17638,0
17639,0
17640,0
17641,0
17642,0
17643,0
17644,0
17645,0
17646,0
17647,0
17648,0
17649,0
17650,0
17651,0
17652,0
17653,1
17654,0
17655,0
17656,0
17657,0
17658,0
17659,0
17660,0
17661,0
17662,0
17663,0
17664,0
17665,0
17666,1
17667,0
17668,0
17669,0
17670,1
17671,1
17672,0
17673,0
17674,0
17675,0
17676,0
17677,0
17678,0
17679,0
17680,0
17681,0
17682,0
17683,1
17684,0
17685,0
17686,1
17687,1
17688,1
17689,1
17690,0
17691,0
17692,0
17693,0
17694,0
17695,0
17696,0
17697,0
17698,0
17699,0
17700,0
17701,0
17702,0
17703,0
17704,0
17705,0
17706,0
17707,0
17708,0
17709,0
17710,0
17711,0
17712,0
17713,0
17714,0
17715,0
17716,0
17717,0
17718,0
17719,0
17720,0
17721,0
17722,0
17723,0
17724,0
17725,0
17726,0
17727,0
17728,0
17729,0
17730,0
17731,0
17732,0
17733,0
17734,0
17735,1
17736,1
17737,1
17738,1
17739,1
17740,1
17741,1
17742,1
17743,1
17744,1
17745,1
17746,1
17747,1
17748,1
17749,1
17750,0
17751,0
17752,0
17753,0
17754,0
17755,0
17756,0
17757,0
17758,0
17759,0
17760,0
17761,0
17762,0
17763,0
17764,0
17765,1
17766,0
17767,0
17768,0
17769,0
17770,0
17771,0
17772,0
17773,0
17774,0
17775,0
17776,0
17777,0
17778,1
17779,1
17780,1
17781,1
17782,1
17783,0
17784,0
17785,0
17786,0
17787,0
17788,0
17789,0
17790,0
17791,0
17792,0
17793,0
17794,0
17795,0
17796,0
17797,0
17798,0
17799,0
17800,1
17801,1
17802,0
17803,0
17804,0
17805,0
17806,0
17807,0
17808,0
17809,0
17810,0
17811,0
17812,0
17813,0
17814,0
17815,0
17816,0
17817,0
17818,0
17819,0
17820,0
17821,0
17822,0
17823,0
17824,0
17825,0
17826,0
17827,0
17828,1
17829,0
17830,0
17831,0
17832,0
17833,0
17834,0
17835,0
17836,0
17837,0
17838,0
17839,0
17840,0
17841,0
17842,0
17843,0
17844,0
17845,0
17846,0
17847,0
17848,0
17849,0
17850,0
17851,0
17852,0
17853,0
17854,0
17855,0
17856,0
17857,1
17858,0
17859,1
17860,0
17861,0
17862,1
17863,1
17864,1
17865,1
17866,1
17867,0
17868,0
17869,0
17870,0
17871,0
17872,0
17873,0
17874,0
17875,0
17876,0
17877,0
17878,0
17879,0
17880,0
17881,0
17882,0
17883,0
17884,0
17885,0
17886,0
17887,0
17888,0
17889,0
17890,0
17891,0
17892,0
17893,0
17894,0
17895,0
17896,0
17897,0
17898,0
17899,0
17900,0
17901,0
17902,0
17903,0
17904,0
17905,0
17906,0
17907,0
17908,0
17909,0
17910,1
17911,0
17912,1
17913,1
17914,1
17915,1
17916,1
17917,1
17918,1
17919,1
17920,1
17921,1
17922,1
17923,1
17924,1
17925,1
17926,1
17927,0
17928,0
17929,0
17930,0
17931,0
17932,0
17933,0
17934,0
17935,0
17936,0
17937,0
17938,0
17939,0
17940,0
17941,1
17942,0
17943,0
17944,0
17945,0
17946,0
17947,0
17948,0
17949,0
17950,0
17951,0
17952,0
17953,0
17954,0
17955,1
17956,1
17957,1
17958,1
17959,1
17960,0
17961,0
17962,0
17963,0
17964,0
17965,0
17966,0
17967,0
17968,0
17969,0
17970,0
17971,0
17972,0
17973,0
17974,0
17975,0
17976,0
17977,1
17978,1
17979,1
17980,0
17981,0
17982,0
17983,0
17984,0
17985,0
17986,0
17987,0
17988,0
17989,0
17990,0
17991,0
17992,0
17993,0
17994,0
17995,0
17996,0
17997,0
17998,0
17999,0
18000,0
18001,0
18002,0
18003,0
18004,0
18005,0
18006,0
18007,0
18008,0
18009,0
18010,0
18011,0
18012,0
18013,0
18014,0
18015,0
18016,0
18017,0
18018,0
18019,0
18020,0
18021,0
18022,0
18023,0
18024,0
18025,0
18026,0
18027,0
18028,1
18029,0
18030,0
18031,0
18032,0
18033,0
18034,0
18035,1
18036,0
18037,0
18038,0
18039,1
18040,1
18041,1
18042,1
18043,0
18044,0
18045,0
18046,0
18047,0
18048,0
18049,0
18050,0
18051,0
18052,0
18053,0
18054,0
18055,0
18056,0
18057,0
18058,0
18059,0
18060,0
18061,0
18062,0
18063,0
18064,0
18065,0
18066,0
18067,0
18068,0
18069,0
18070,0
18071,0
18072,0
18073,0
18074,0
18075,0
18076,0
18077,0
18078,1
18079,0
18080,0
18081,0
18082,0
18083,0
18084,0
18085,0
18086,0
18087,0
18088,0
18089,1
18090,1
18091,1
18092,1
18093,1
18094,1
18095,1
18096,1
18097,1
18098,1
18099,1
18100,1
18101,1
18102,1
18103,1
18104,0
18105,0
18106,0
18107,0
18108,1
18109,0
18110,0
18111,0
18112,0
18113,0
18114,0
18115,0
18116,0
18117,0
18118,1
18119,0
18120,0
18121,0
18122,0
18123,0
18124,0
18125,0
18126,0
18127,0
18128,0
18129,0
18130,0
18131,0
18132,1
18133,1
18134,1
18135,1
18136,1
18137,0
18138,0
18139,0
18140,0
18141,0
18142,0
18143,0
18144,0
18145,0
18146,0
18147,0
18148,0
18149,0
18150,0
18151,0
18152,0
18153,0
18154,1
18155,0
18156,0
18157,0
18158,0
18159,0
18160,0
18161,0
18162,0
18163,0
18164,0
18165,0
18166,0
18167,0
18168,0
18169,0
18170,0
18171,0
18172,0
18173,0
18174,0
18175,0
18176,0
18177,0
18178,0
18179,0
18180,0
18181,0
18182,0
18183,0
18184,0
18185,0
18186,0
18187,0
18188,0
18189,0
18190,0
18191,0
18192,0
18193,0
18194,0
18195,0
18196,0
18197,0
18198,0
18199,0
18200,0
18201,0
18202,0
18203,0
18204,0
18205,0
18206,0
18207,0
18208,0
18209,0
18210,0
18211,0
18212,0
18213,0
18214,0
18215,0
18216,1
18217,1
18218,1
18219,1
18220,0
18221,0
18222,0
18223,0
18224,0
18225,0
18226,0
18227,0
18228,0
18229,0
18230,0
18231,0
18232,0
18233,0
18234,0
18235,0
18236,0
18237,0
18238,0
18239,0
18240,0
18241,0
18242,0
18243,0
18244,0
18245,0
18246,0
18247,0
18248,0
18249,0
18250,1
18251,0
18252,0
18253,0
18254,1
18255,0
18256,0
18257,0
18258,0
18259,0
18260,0
18261,1
18262,0
18263,0
18264,0
18265,1
18266,1
18267,1
18268,1
18269,1
18270,1
18271,1
18272,1
18273,1
18274,1
18275,1
18276,1
18277,1
18278,1
18279,1
18280,0
18281,1
18282,0
18283,0
18284,0
18285,0
18286,0
18287,0
18288,0
18289,0
18290,0
18291,0
18292,0
18293,1
18294,0
18295,1
18296,0
18297,0
18298,0
18299,0
18300,0
18301,1
18302,0
18303,0
18304,0
18305,0
18306,0
18307,0
18308,0
18309,1
18310,1
18311,1
18312,1
18313,0
18314,0
18315,0
18316,0
18317,0
18318,0
18319,0
18320,0
18321,0
18322,0
18323,0
18324,0
18325,0
18326,0
18327,0
18328,0
18329,0
18330,1
18331,0
18332,0
18333,0
18334,0
18335,0
18336,0
18337,0
18338,1
18339,0
18340,0
18341,0
18342,0
18343,0
18344,0
18345,0
18346,0
18347,0
18348,0
18349,1
18350,0
18351,0
18352,0
18353,0
18354,0
18355,0
18356,0
18357,0
18358,0
18359,0
18360,0
18361,0
18362,0
18363,0
18364,1
18365,1
18366,1
18367,0
18368,0
18369,0
18370,0
18371,0
18372,0
18373,0
18374,0
18375,0
18376,0
18377,0
18378,0
18379,1
18380,0
18381,1
18382,0
18383,0
18384,0
18385,0
18386,0
18387,0
18388,0
18389,0
18390,0
18391,0
18392,0
18393,1
18394,1
18395,1
18396,1
18397,0
18398,0
18399,0
18400,0
18401,0
18402,0
18403,0
18404,0
18405,0
18406,0
18407,0
18408,0
18409,0
18410,0
18411,0
18412,0
18413,0
18414,0
18415,0
18416,0
18417,0
18418,0
18419,0
18420,0
18421,0
18422,0
18423,0
18424,0
18425,0
18426,0
18427,1
18428,0
18429,0
18430,1
18431,1
18432,0
18433,0
18434,1
18435,0
18436,0
18437,0
18438,0
18439,0
18440,0
18441,0
18442,1
18443,1
18444,1
18445,1
18446,1
18447,1
18448,1
18449,1
18450,1
18451,1
18452,1
18453,1
18454,1
18455,1
18456,1
18457,0
18458,0
18459,0
18460,0
18461,0
18462,0
18463,0
18464,0
18465,0
18466,0
18467,0
18468,0
18469,0
18470,0
18471,1
18472,1
18473,1
18474,1
18475,0
18476,0
18477,1
18478,1
18479,0
18480,0
18481,0
18482,0
18483,0
18484,0
18485,0
18486,1
18487,1
18488,1
18489,1
18490,0
18491,0
18492,0
18493,0
18494,0
18495,0
18496,0
18497,0
18498,0
18499,0
18500,0
18501,0
18502,0
18503,0
18504,0
18505,0
18506,0
18507,1
18508,0
18509,0
18510,0
18511,0
18512,0
18513,0
18514,0
18515,0
18516,0
18517,0
18518,0
18519,0
18520,0
18521,0
18522,0
18523,0
18524,0
18525,0
18526,0
18527,0
18528,0
18529,0
18530,0
18531,0
18532,0
18533,0
18534,0
18535,0
18536,0
18537,0
18538,0
18539,0
18540,1
18541,1
18542,1
18543,1
18544,0
18545,0
18546,0
18547,0
18548,0
18549,0
18550,0
18551,0
18552,0
18553,0
18554,0
18555,0
18556,0
18557,0
18558,0
18559,0
18560,0
18561,0
18562,0
18563,0
18564,0
18565,0
18566,0
18567,0
18568,0
18569,0
18570,1
18571,1
18572,1
18573,0
18574,0
18575,0
18576,0
18577,0
18578,0
18579,0
18580,0
18581,0
18582,0
18583,0
18584,0
18585,0
18586,0
18587,0
18588,0
18589,0
18590,0
18591,0
18592,0
18593,0
18594,0
18595,0
18596,0
18597,0
18598,0
18599,0
18600,0
18601,0
18602,0
18603,1
18604,1
18605,0
18606,0
18607,1
18608,0
18609,0
18610,0
18611,0
18612,0
18613,0
18614,0
18615,0
18616,0
18617,0
18618,0
18619,1
18620,1
18621,1
18622,1
18623,1
18624,1
18625,1
18626,1
18627,1
18628,1
18629,1
18630,1
18631,1
18632,1
18633,1
18634,0
18635,0
18636,0
18637,0
18638,0
18639,0
18640,0
18641,0
18642,0
18643,0
18644,0
18645,0
18646,0
18647,0
18648,1
18649,1
18650,1
18651,1
18652,0
18653,1
18654,1
18655,1
18656,1
18657,0
18658,0
18659,0
18660,0
18661,0
18662,0
18663,1
18664,1
18665,1
18666,1
18667,0
18668,0
18669,0
18670,0
18671,0
18672,0
18673,0
18674,0
18675,0
18676,0
18677,0
18678,0
18679,0
18680,0
18681,0
18682,0
18683,1
18684,0
18685,0
18686,0
18687,0
18688,0
18689,0
18690,0
18691,0
18692,0
18693,0
18694,0
18695,0
18696,0
18697,0
18698,0
18699,0
18700,0
18701,0
18702,0
18703,0
18704,0
18705,0
18706,0
18707,0
18708,0
18709,0
18710,0
18711,0
18712,0
18713,0
18714,0
18715,0
18716,0
18717,1
18718,1
18719,1
18720,1
18721,1
18722,0
18723,0
18724,0
18725,0
18726,0
18727,0
18728,0
18729,0
18730,0
18731,0
18732,0
18733,0
18734,0
18735,0
18736,0
18737,0
18738,0
18739,0
18740,0
18741,0
18742,0
18743,0
18744,0
18745,0
18746,0
18747,1
18748,1
18749,1
18750,1
18751,0
18752,0
18753,0
18754,0
18755,0
18756,0
18757,0
18758,0
18759,0
18760,0
18761,0
18762,0
18763,0
18764,0
18765,0
18766,0
18767,0
18768,0
18769,0
18770,0
18771,0
18772,0
18773,0
18774,0
18775,0
18776,0
18777,0
18778,0
18779,0
18780,0
18781,1
18782,0
18783,0
18784,0
18785,0
18786,0
18787,0
18788,0
18789,0
18790,0
18791,0
18792,0
18793,0
18794,0
18795,0
18796,1
18797,1
18798,1
18799,1
18800,1
18801,1
18802,1
18803,1
18804,1
18805,1
18806,1
18807,1
18808,1
18809,1
18810,1
18811,1
18812,0
18813,0
18814,0
18815,0
18816,0
18817,0
18818,0
18819,0
18820,0
18821,0
18822,0
18823,0
18824,0
18825,1
18826,1
18827,1
18828,1
18829,1
18830,1
18831,1
18832,0
18833,1
18834,1
18835,0
18836,0
18837,0
18838,0
18839,0
18840,1
18841,1
18842,1
18843,1
18844,0
18845,0
18846,0
18847,0
18848,0
18849,0
18850,0
18851,0
18852,0
18853,0
18854,0
18855,0
18856,0
18857,0
18858,0
18859,0
18860,1
18861,0
18862,0
18863,0
18864,0
18865,0
18866,0
18867,0
18868,0
18869,0
18870,0
18871,0
18872,0
18873,0
18874,0
18875,0
18876,0
18877,0
18878,0
18879,0
18880,0
18881,0
18882,0
18883,0
18884,0
18885,0
18886,0
18887,0
18888,0
18889,0
18890,0
18891,0
18892,0
18893,1
18894,1
18895,1
18896,1
18897,1
18898,1
18899,0
18900,0
18901,0
18902,0
18903,0
18904,0
18905,0
18906,0
18907,0
18908,0
18909,0
18910,0
18911,0
18912,0
18913,1
18914,0
18915,0
18916,0
18917,0
18918,0
18919,0
18920,0
18921,0
18922,0
18923,0
18924,1
18925,1
18926,1
18927,0
18928,0
18929,0
18930,0
18931,0
18932,0
18933,0
18934,0
18935,0
18936,0
18937,0
18938,0
18939,0
18940,0
18941,0
18942,0
18943,0
18944,0
18945,0
18946,0
18947,0
18948,1
18949,0
18950,0
18951,0
18952,0
18953,0
18954,0
18955,0
18956,0
18957,1
18958,1
18959,0
18960,0
18961,0
18962,0
18963,0
18964,0
18965,0
18966,0
18967,0
18968,1
18969,0
18970,0
18971,0
18972,0
18973,1
18974,1
18975,1
18976,1
18977,1
18978,1
18979,1
18980,1
18981,1
18982,1
18983,1
18984,1
18985,1
18986,1
18987,1
18988,1
18989,0
18990,0
18991,0
18992,0
18993,0
18994,0
18995,0
18996,0
18997,0
18998,0
18999,0
19000,0
19001,0
19002,1
19003,1
19004,1
19005,1
19006,1
19007,1
19008,1
19009,0
19010,0
19011,0
19012,0
19013,0
19014,0
19015,0
19016,0
19017,1
19018,1
19019,1
19020,1
19021,0
19022,0
19023,0
19024,0
19025,0
19026,0
19027,0
19028,0
19029,0
19030,0
19031,0
19032,0
19033,0
19034,0
19035,0
19036,0
19037,1
19038,0
19039,0
19040,0
19041,0
19042,0
19043,0
19044,0
19045,0
19046,0
19047,0
19048,0
19049,0
19050,0
19051,0
19052,0
19053,0
19054,0
19055,0
19056,0
19057,0
19058,0
19059,0
19060,0
19061,0
19062,0
19063,0
19064,0
19065,0
19066,0
19067,0
19068,0
19069,1
19070,1
19071,1
19072,1
19073,1
19074,1
19075,1
19076,0
19077,0
19078,0
19079,0
19080,0
19081,0
19082,0
19083,0
19084,0
19085,0
19086,0
19087,0
19088,0
19089,1
19090,0
19091,0
19092,0
19093,0
19094,0
19095,0
19096,0
19097,0
19098,0
19099,0
19100,0
19101,1
19102,1
19103,0
19104,0
19105,0
19106,0
19107,0
19108,0
19109,0
19110,0
19111,0
19112,0
19113,0
19114,0
19115,0
19116,0
19117,0
19118,0
19119,0
19120,0
19121,0
19122,0
19123,0
19124,0
19125,0
19126,0
19127,0
19128,0
19129,0
19130,0
19131,0
19132,0
19133,0
19134,1
19135,0
19136,0
19137,0
19138,1
19139,0
19140,0
19141,1
19142,0
19143,0
19144,0
19145,0
19146,0
19147,0
19148,0
19149,0
19150,1
19151,1
19152,1
19153,1
19154,1
19155,1
19156,1
19157,1
19158,1
19159,1
19160,1
19161,1
19162,1
19163,1
19164,1
19165,1
19166,0
19167,0
19168,0
19169,0
19170,0
19171,0
19172,0
19173,0
19174,0
19175,0
19176,0
19177,0
19178,1
19179,1
19180,1
19181,1
19182,1
19183,1
19184,1
19185,0
19186,0
19187,0
19188,0
19189,0
19190,0
19191,0
19192,0
19193,0
19194,1
19195,1
19196,1
19197,1
19198,0
19199,0
19200,0
19201,0
19202,0
19203,0
19204,0
19205,0
19206,0
19207,0
19208,0
19209,0
19210,0
19211,0
19212,0
19213,1
19214,0
19215,0
19216,0
19217,0
19218,0
19219,0
19220,0
19221,0
19222,0
19223,0
19224,0
19225,0
19226,0
19227,0
19228,0
19229,0
19230,0
19231,0
19232,0
19233,0
19234,0
19235,0
19236,0
19237,0
19238,0
19239,0
19240,0
19241,0
19242,0
19243,0
19244,0
19245,1
19246,1
19247,1
19248,1
19249,1
19250,1
19251,1
19252,1
19253,0
19254,0
19255,0
19256,0
19257,0
19258,0
19259,0
19260,0
19261,0
19262,0
19263,0
19264,0
19265,1
19266,0
19267,0
19268,0
19269,0
19270,0
19271,0
19272,0
19273,0
19274,0
19275,0
19276,0
19277,0
19278,1
19279,0
19280,0
19281,0
19282,0
19283,0
19284,0
19285,0
19286,0
19287,0
19288,0
19289,0
19290,0
19291,0
19292,0
19293,0
19294,0
19295,0
19296,0
19297,0
19298,0
19299,0
19300,0
19301,0
19302,0
19303,0
19304,0
19305,0
19306,0
19307,0
19308,0
19309,0
19310,1
19311,1
19312,0
19313,0
19314,0
19315,0
19316,0
19317,0
19318,0
19319,0
19320,0
19321,0
19322,0
19323,0
19324,0
19325,0
19326,1
19327,1
19328,1
19329,1
19330,1
19331,1
19332,1
19333,1
19334,1
19335,1
19336,1
19337,1
19338,1
19339,1
19340,1
19341,1
19342,1
19343,0
19344,0
19345,0
19346,0
19347,0
19348,0
19349,0
19350,0
19351,0
19352,0
19353,0
19354,0
19355,1
19356,1
19357,1
19358,1
19359,1
19360,1
19361,1
19362,0
19363,0
19364,0
19365,0
19366,0
19367,0
19368,0
19369,0
19370,0
19371,1
19372,1
19373,1
19374,0
19375,0
19376,0
19377,0
19378,0
19379,0
19380,0
19381,0
19382,0
19383,0
19384,0
19385,0
19386,0
19387,0
19388,0
19389,0
19390,0
19391,0
19392,0
19393,0
19394,0
19395,0
19396,0
19397,0
19398,0
19399,0
19400,0
19401,0
19402,0
19403,0
19404,0
19405,0
19406,0
19407,0
19408,0
19409,0
19410,0
19411,0
19412,0
19413,0
19414,0
19415,0
19416,0
19417,0
19418,0
19419,0
19420,0
19421,0
19422,1
19423,1
19424,1
19425,1
19426,1
19427,1
19428,1
19429,0
19430,0
19431,0
19432,0
19433,0
19434,0
19435,0
19436,0
19437,0
19438,0
19439,0
19440,0
19441,0
19442,0
19443,0
19444,0
19445,0
19446,0
19447,0
19448,0
19449,0
19450,0
19451,0
19452,0
19453,0
19454,0
19455,1
19456,0
19457,0
19458,0
19459,0
19460,0
19461,0
19462,0
19463,0
19464,0
19465,1
19466,1
19467,1
19468,1
19469,0
19470,0
19471,0
19472,0
19473,0
19474,0
19475,0
19476,0
19477,0
19478,0
19479,0
19480,0
19481,0
19482,0
19483,0
19484,0
19485,0
19486,0
19487,1
19488,0
19489,1
19490,0
19491,0
19492,0
19493,0
19494,0
19495,0
19496,0
19497,0
19498,1
19499,0
19500,0
19501,0
19502,0
19503,1
19504,1
19505,1
19506,1
19507,1
19508,1
19509,1
19510,1
19511,1
19512,1
19513,1
19514,1
19515,1
19516,1
19517,1
19518,1
19519,1
19520,0
19521,0
19522,0
19523,0
19524,1
19525,0
19526,0
19527,0
19528,0
19529,0
19530,0
19531,1
19532,1
19533,1
19534,1
19535,1
19536,1
19537,1
19538,1
19539,0
19540,0
19541,0
19542,0
19543,0
19544,0
19545,0
19546,0
19547,0
19548,1
19549,1
19550,1
19551,0
19552,0
19553,0
19554,0
19555,0
19556,0
19557,0
19558,0
19559,0
19560,0
19561,0
19562,0
19563,0
19564,0
19565,0
19566,0
19567,0
19568,0
19569,0
19570,0
19571,0
19572,0
19573,0
19574,0
19575,0
19576,0
19577,0
19578,0
19579,0
19580,0
19581,0
19582,0
19583,0
19584,0
19585,0
19586,0
19587,0
19588,0
19589,0
19590,0
19591,0
19592,0
19593,0
19594,0
19595,0
19596,0
19597,0
19598,0
19599,1
19600,1
19601,1
19602,1
19603,1
19604,1
19605,1
19606,1
19607,0
19608,0
19609,0
19610,0
19611,0
19612,0
19613,0
19614,0
19615,0
19616,0
19617,0
19618,0
19619,0
19620,0
19621,0
19622,0
19623,0
19624,0
19625,0
19626,0
19627,0
19628,0
19629,0
19630,0
19631,0
19632,0
19633,0
19634,0
19635,0
19636,0
19637,0
19638,0
19639,0
19640,0
19641,0
19642,0
19643,1
19644,1
19645,1
19646,1
19647,0
19648,0
19649,0
19650,0
19651,0
19652,0
19653,0
19654,0
19655,0
19656,0
19657,0
19658,0
19659,0
19660,0
19661,0
19662,0
19663,0
19664,1
19665,1
19666,0
19667,0
19668,0
19669,0
19670,0
19671,0
19672,0
19673,0
19674,0
19675,0
19676,0
19677,0
19678,0
19679,0
19680,1
19681,1
19682,1
19683,1
19684,1
19685,1
19686,1
19687,1
19688,1
19689,1
19690,1
19691,1
19692,1
19693,1
19694,1
19695,1
19696,1
19697,1
19698,1
19699,1
19700,1
19701,1
19702,0
19703,0
19704,0
19705,0
19706,0
19707,0
19708,0
19709,1
19710,1
19711,1
19712,1
19713,1
19714,1
19715,1
19716,1
19717,0
19718,0
19719,0
19720,0
19721,0
19722,0
19723,0
19724,0
19725,0
19726,1
19727,1
19728,0
19729,0
19730,0
19731,0
19732,0
19733,0
19734,0
19735,0
19736,0
19737,0
19738,0
19739,0
19740,0
19741,0
19742,0
19743,0
19744,0
19745,0
19746,0
19747,0
19748,0
19749,0
19750,0
19751,0
19752,0
19753,0
19754,0
19755,0
19756,0
19757,0
19758,0
19759,0
19760,0
19761,0
19762,0
19763,0
19764,0
19765,0
19766,0
19767,0
19768,0
19769,0
19770,0
19771,0
19772,0
19773,0
19774,0
19775,1
19776,1
19777,1
19778,1
19779,1
19780,1
19781,1
19782,1
19783,1
19784,0
19785,0
19786,1
19787,0
19788,0
19789,0
19790,0
19791,0
19792,0
19793,0
19794,0
19795,0
19796,0
19797,0
19798,0
19799,0
19800,0
19801,0
19802,0
19803,0
19804,0
19805,0
19806,0
19807,0
19808,0
19809,0
19810,0
19811,0
19812,0
19813,0
19814,0
19815,0
19816,0
19817,0
19818,0
19819,1
19820,1
19821,1
19822,1
19823,1
19824,0
19825,0
19826,0
19827,0
19828,0
19829,0
19830,0
19831,0
19832,0
19833,0
19834,0
19835,0
19836,0
19837,0
19838,0
19839,0
19840,1
19841,1
19842,0
19843,0
19844,0
19845,0
19846,0
19847,0
19848,0
19849,0
19850,0
19851,0
19852,0
19853,0
19854,0
19855,0
19856,0
19857,1
19858,1
19859,1
19860,1
19861,1
19862,1
19863,1
19864,1
19865,1
19866,1
19867,1
19868,1
19869,1
19870,1
19871,1
19872,1
19873,1
19874,1
19875,1
19876,1
19877,1
19878,1
19879,0
19880,0
19881,0
19882,0
19883,0
19884,0
19885,1
19886,1
19887,1
19888,1
19889,1
19890,1
19891,1
19892,1
19893,1
19894,0
19895,0
19896,0
19897,1
19898,0
19899,0
19900,0
19901,0
19902,1
19903,1
19904,1
19905,0
19906,0
19907,0
19908,0
19909,0
19910,0
19911,0
19912,0
19913,0
19914,0
19915,0
19916,0
19917,0
19918,0
19919,0
19920,0
19921,0
19922,0
19923,0
19924,0
19925,0
19926,0
19927,0
19928,0
19929,0
19930,0
19931,0
19932,0
19933,0
19934,0
19935,0
19936,0
19937,0
19938,0
19939,0
19940,0
19941,0
19942,0
19943,0
19944,0
19945,0
19946,0
19947,0
19948,0
19949,0
19950,0
19951,1
19952,1
19953,1
19954,1
19955,1
19956,1
19957,1
19958,1
19959,1
19960,1
19961,0
19962,1
19963,1
19964,0
19965,0
19966,0
19967,0
19968,0
19969,0
19970,0
19971,0
19972,0
19973,0
19974,0
19975,0
19976,0
19977,0
19978,0
19979,0
19980,0
19981,0
19982,0
19983,0
19984,0
19985,0
19986,0
19987,0
19988,0
19989,0
19990,0
19991,0
19992,0
19993,0
19994,0
19995,1
19996,1
19997,1
19998,1
19999,1
20000,0
20001,0
20002,0
20003,0
20004,0
20005,0
20006,0
20007,0
20008,0
20009,0
20010,0
20011,0
20012,0
20013,0
20014,0
20015,0
20016,0
20017,1
20018,1
20019,0
20020,0
20021,0
20022,0
20023,0
20024,0
20025,0
20026,0
20027,0
20028,0
20029,0
20030,0
20031,0
20032,0
20033,1
20034,1
20035,1
20036,1
20037,1
20038,1
20039,1
20040,1
20041,1
20042,1
20043,1
20044,1
20045,1
20046,1
20047,1
20048,1
20049,1
20050,1
20051,1
20052,1
20053,1
20054,1
20055,1
20056,0
20057,0
20058,0
20059,0
20060,0
20061,1
20062,1
20063,1
20064,1
20065,1
20066,1
20067,1
20068,1
20069,1
20070,0
20071,0
20072,0
20073,0
20074,0
20075,0
20076,0
20077,0
20078,0
20079,1
20080,1
20081,0
20082,0
20083,0
20084,0
20085,0
20086,0
20087,0
20088,0
20089,0
20090,0
20091,0
20092,0
20093,0
20094,0
20095,0
20096,0
20097,0
20098,0
20099,0
20100,0
20101,0
20102,0
20103,0
20104,0
20105,0
20106,0
20107,0
20108,0
20109,0
20110,0
20111,0
20112,0
20113,0
20114,0
20115,0
20116,0
20117,0
20118,0
20119,0
20120,0
20121,0
20122,0
20123,0
20124,0
20125,0
20126,0
20127,0
20128,1
20129,1
20130,1
20131,1
20132,1
20133,1
20134,1
20135,1
20136,1
20137,1
20138,1
20139,1
20140,1
20141,1
20142,0
20143,0
20144,0
20145,0
20146,0
20147,0
20148,0
20149,0
20150,0
20151,0
20152,0
20153,0
20154,0
20155,0
20156,0
20157,0
20158,0
20159,0
20160,0
20161,0
20162,0
20163,0
20164,0
20165,0
20166,0
20167,0
20168,0
20169,0
20170,0
20171,0
20172,0
20173,1
20174,1
20175,1
20176,1
20177,1
20178,0
20179,0
20180,0
20181,0
20182,0
20183,1
20184,0
20185,0
20186,0
20187,0
20188,0
20189,0
20190,0
20191,0
20192,0
20193,0
20194,1
20195,1
20196,0
20197,0
20198,0
20199,0
20200,0
20201,0
20202,0
20203,0
20204,0
20205,0
20206,0
20207,0
20208,0
20209,0
20210,0
20211,1
20212,1
20213,1
20214,1
20215,1
20216,1
20217,1
20218,1
20219,1
20220,1
20221,1
20222,1
20223,1
20224,1
20225,1
20226,1
20227,1
20228,1
20229,1
20230,1
20231,1
20232,1
20233,0
20234,0
20235,0
20236,0
20237,0
20238,0
20239,1
20240,1
20241,1
20242,1
20243,1
20244,1
20245,1
20246,1
20247,1
20248,0
20249,0
20250,0
20251,0
20252,0
20253,0
20254,0
20255,0
20256,0
20257,1
20258,1
20259,0
20260,0
20261,0
20262,0
20263,0
20264,0
20265,0
20266,0
20267,0
20268,0
20269,0
20270,0
20271,0
20272,0
20273,0
20274,0
20275,0
20276,0
20277,0
20278,0
20279,0
20280,0
20281,0
20282,0
20283,0
20284,0
20285,0
20286,0
20287,0
20288,0
20289,0
20290,0
20291,0
20292,0
20293,0
20294,0
20295,0
20296,0
20297,0
20298,0
20299,0
20300,0
20301,0
20302,0
20303,0
20304,1
20305,1
20306,1
20307,1
20308,1
20309,1
20310,1
20311,1
20312,1
20313,1
20314,1
20315,1
20316,1
20317,1
20318,0
20319,0
20320,0
20321,0
20322,0
20323,0
20324,0
20325,0
20326,0
20327,0
20328,0
20329,0
20330,0
20331,0
20332,0
20333,0
20334,0
20335,0
20336,0
20337,0
20338,0
20339,0
20340,0
20341,0
20342,0
20343,0
20344,0
20345,0
20346,0
20347,0
20348,0
20349,0
20350,1
20351,1
20352,1
20353,1
20354,0
20355,0
20356,0
20357,0
20358,0
20359,0
20360,0
20361,0
20362,0
20363,0
20364,0
20365,0
20366,0
20367,0
20368,0
20369,0
20370,0
20371,1
20372,1
20373,0
20374,0
20375,0
20376,0
20377,0
20378,0
20379,0
20380,0
20381,0
20382,1
20383,0
20384,0
20385,0
20386,0
20387,1
20388,1
20389,1
20390,1
20391,1
20392,1
20393,1
20394,1
20395,1
20396,1
20397,1
20398,1
20399,1
20400,1
20401,1
20402,1
20403,1
20404,1
20405,1
20406,1
20407,1
20408,1
20409,0
20410,0
20411,0
20412,0
20413,0
20414,0
20415,1
20416,1
20417,1
20418,1
20419,1
20420,1
20421,1
20422,1
20423,1
20424,1
20425,0
20426,0
20427,0
20428,0
20429,1
20430,0
20431,0
20432,0
20433,0
20434,1
20435,0
20436,0
20437,0
20438,0
20439,0
20440,0
20441,0
20442,0
20443,0
20444,0
20445,0
20446,0
20447,0
20448,0
20449,0
20450,0
20451,0
20452,0
20453,0
20454,0
20455,0
20456,0
20457,0
20458,0
20459,0
20460,0
20461,0
20462,0
20463,0
20464,0
20465,0
20466,0
20467,0
20468,1
20469,0
20470,0
20471,0
20472,0
20473,0
20474,0
20475,0
20476,0
20477,0
20478,0
20479,0
20480,0
20481,1
20482,1
20483,1
20484,1
20485,1
20486,1
20487,1
20488,1
20489,1
20490,1
20491,1
20492,1
20493,1
20494,1
20495,1
20496,0
20497,0
20498,0
20499,0
20500,0
20501,0
20502,0
20503,0
20504,0
20505,0
20506,0
20507,0
20508,0
20509,0
20510,0
20511,0
20512,0
20513,0
20514,0
20515,0
20516,0
20517,0
20518,0
20519,0
20520,0
20521,0
20522,0
20523,0
20524,0
20525,0
20526,0
20527,1
20528,1
20529,1
20530,1
20531,0
20532,0
20533,0
20534,0
20535,0
20536,0
20537,0
20538,0
20539,0
20540,0
20541,0
20542,0
20543,0
20544,0
20545,0
20546,0
20547,0
20548,1
20549,1
20550,0
20551,0
20552,0
20553,0
20554,0
20555,0
20556,0
20557,0
20558,0
20559,1
20560,1
20561,0
20562,0
20563,0
20564,0
20565,1
20566,1
20567,1
20568,1
20569,1
20570,1
20571,1
20572,1
20573,1
20574,1
20575,1
20576,1
20577,1
20578,0
20579,1
20580,1
20581,1
20582,1
20583,1
20584,1
20585,1
20586,0
20587,0
20588,0
20589,0
20590,0
20591,0
20592,0
20593,1
20594,1
20595,1
20596,1
20597,1
20598,1
20599,1
20600,1
20601,1
20602,1
20603,0
20604,0
20605,0
20606,0
20607,1
20608,0
20609,0
20610,0
20611,0
20612,0
20613,0
20614,0
20615,0
20616,0
20617,0
20618,0
20619,0
20620,0
20621,0
20622,0
20623,0
20624,0
20625,0
20626,0
20627,0
20628,0
20629,0
20630,0
20631,0
20632,0
20633,0
20634,0
20635,0
20636,0
20637,0
20638,0
20639,0
20640,0
20641,0
20642,0
20643,0
20644,0
20645,0
20646,0
20647,0
20648,0
20649,0
20650,0
20651,0
20652,0
20653,0
20654,0
20655,0
20656,0
20657,0
20658,1
20659,1
20660,1
20661,1
20662,1
20663,1
20664,1
20665,1
20666,1
20667,1
20668,1
20669,1
20670,1
20671,1
20672,0
20673,0
20674,0
20675,0
20676,0
20677,0
20678,0
20679,0
20680,0
20681,0
20682,0
20683,0
20684,0
20685,0
20686,0
20687,0
20688,0
20689,0
20690,0
20691,0
20692,0
20693,0
20694,0
20695,0
20696,0
20697,0
20698,0
20699,0
20700,0
20701,0
20702,0
20703,0
20704,1
20705,1
20706,1
20707,0
20708,0
20709,0
20710,0
20711,0
20712,0
20713,0
20714,0
20715,0
20716,0
20717,0
20718,0
20719,0
20720,0
20721,0
20722,0
20723,0
20724,1
20725,1
20726,1
20727,0
20728,0
20729,0
20730,0
20731,0
20732,0
20733,0
20734,0
20735,1
20736,1
20737,0
20738,0
20739,0
20740,0
20741,1
20742,1
20743,1
20744,1
20745,1
20746,1
20747,1
20748,1
20749,1
20750,1
20751,1
20752,0
20753,1
20754,0
20755,0
20756,1
20757,1
20758,1
20759,1
20760,1
20761,1
20762,0
20763,0
20764,0
20765,0
20766,0
20767,0
20768,0
20769,1
20770,1
20771,1
20772,1
20773,1
20774,1
20775,1
20776,1
20777,1
20778,1
20779,0
20780,0
20781,0
20782,0
20783,0
20784,0
20785,0
20786,0
20787,0
20788,0
20789,0
20790,0
20791,0
20792,0
20793,0
20794,0
20795,0
20796,0
20797,0
20798,0
20799,0
20800,1
20801,0
20802,1
20803,0
20804,0
20805,0
20806,0
20807,0
20808,0
20809,0
20810,0
20811,0
20812,0
20813,0
20814,0
20815,0
20816,0
20817,0
20818,0
20819,0
20820,0
20821,0
20822,0
20823,0
20824,0
20825,0
20826,0
20827,0
20828,0
20829,0
20830,0
20831,0
20832,0
20833,0
20834,1
20835,1
20836,1
20837,1
20838,1
20839,1
20840,1
20841,1
20842,1
20843,1
20844,1
20845,1
20846,1
20847,1
20848,1
20849,0
20850,0
20851,0
20852,0
20853,0
20854,0
20855,0
20856,0
20857,0
20858,0
20859,0
20860,0
20861,0
20862,0
20863,0
20864,0
20865,0
20866,0
20867,0
20868,0
20869,0
20870,0
20871,0
20872,0
20873,0
20874,0
20875,0
20876,0
20877,0
20878,0
20879,0
20880,1
20881,1
20882,1
20883,0
20884,0
20885,0
20886,0
20887,0
20888,0
20889,0
20890,0
20891,0
20892,0
20893,0
20894,0
20895,0
20896,0
20897,0
20898,0
20899,0
20900,0
20901,1
20902,1
20903,1
20904,0
20905,0
20906,0
20907,1
20908,0
20909,0
20910,0
20911,1
20912,1
20913,0
20914,0
20915,0
20916,0
20917,0
20918,1
20919,1
20920,1
20921,1
20922,1
20923,1
20924,1
20925,1
20926,1
20927,1
20928,0
20929,0
20930,0
20931,0
20932,0
20933,1
20934,1
20935,1
20936,1
20937,1
20938,1
20939,0
20940,0
20941,0
20942,0
20943,0
20944,0
20945,1
20946,1
20947,1
20948,1
20949,1
20950,1
20951,1
20952,1
20953,1
20954,1
20955,1
20956,0
20957,0
20958,0
20959,0
20960,0
20961,0
20962,0
20963,0
20964,0
20965,0
20966,0
20967,0
20968,0
20969,0
20970,0
20971,0
20972,0
20973,0
20974,0
20975,0
20976,1
20977,1
20978,1
20979,1
20980,0
20981,0
20982,0
20983,0
20984,0
20985,0
20986,0
20987,0
20988,0
20989,0
20990,0
20991,0
20992,0
20993,1
20994,0
20995,0
20996,0
20997,0
20998,0
20999,0
21000,0
21001,0
21002,0
21003,0
21004,0
21005,0
21006,0
21007,0
21008,0
21009,0
21010,1
21011,1
21012,1
21013,1
21014,1
21015,1
21016,1
21017,1
21018,1
21019,1
21020,1
21021,1
21022,1
21023,1
21024,1
21025,1
21026,0
21027,0
21028,0
21029,0
21030,0
21031,0
21032,0
21033,0
21034,0
21035,0
21036,0
21037,0
21038,0
21039,0
21040,0
21041,0
21042,0
21043,0
21044,0
21045,0
21046,0
21047,0
21048,0
21049,0
21050,0
21051,0
21052,0
21053,0
21054,0
21055,0
21056,0
21057,1
21058,1
21059,0
21060,0
21061,0
21062,0
21063,0
21064,0
21065,0
21066,0
21067,0
21068,0
21069,0
21070,0
21071,0
21072,0
21073,0
21074,1
21075,1
21076,0
21077,1
21078,1
21079,1
21080,1
21081,0
21082,0
21083,1
21084,1
21085,0
21086,0
21087,1
21088,1
21089,1
21090,0
21091,0
21092,0
21093,0
21094,1
21095,1
21096,1
21097,1
21098,1
21099,1
21100,1
21101,1
21102,1
21103,0
21104,0
21105,0
21106,0
21107,0
21108,0
21109,0
21110,1
21111,1
21112,1
21113,1
21114,1
21115,0
21116,0
21117,0
21118,0
21119,0
21120,0
21121,0
21122,1
21123,1
21124,1
21125,1
21126,1
21127,1
21128,1
21129,1
21130,1
21131,1
21132,1
21133,0
21134,0
21135,0
21136,0
21137,0
21138,0
21139,0
21140,0
21141,0
21142,0
21143,0
21144,0
21145,0
21146,0
21147,0
21148,0
21149,0
21150,0
21151,0
21152,1
21153,1
21154,1
21155,1
21156,0
21157,0
21158,0
21159,0
21160,0
21161,0
21162,0
21163,0
21164,0
21165,0
21166,0
21167,0
21168,0
21169,0
21170,1
21171,0
21172,0
21173,0
21174,0
21175,0
21176,0
21177,0
21178,0
21179,0
21180,0
21181,0
21182,0
21183,0
21184,0
21185,0
21186,0
21187,1
21188,0
21189,0
21190,1
21191,1
21192,1
21193,1
21194,1
21195,1
21196,1
21197,1
21198,1
21199,1
21200,1
21201,1
21202,0
21203,0
21204,0
21205,0
21206,0
21207,0
21208,0
21209,0
21210,0
21211,0
21212,0
21213,0
21214,0
21215,0
21216,0
21217,0
21218,0
21219,0
21220,0
21221,0
21222,0
21223,0
21224,0
21225,1
21226,0
21227,0
21228,0
21229,0
21230,0
21231,0
21232,0
21233,1
21234,1
21235,1
21236,0
21237,0
21238,0
21239,0
21240,0
21241,0
21242,0
21243,0
21244,0
21245,0
21246,0
21247,0
21248,0
21249,0
21250,1
21251,1
21252,1
21253,1
21254,1
21255,1
21256,1
21257,1
21258,0
21259,0
21260,1
21261,1
21262,0
21263,1
21264,1
21265,0
21266,0
21267,0
21268,0
21269,0
21270,1
21271,1
21272,1
21273,1
21274,1
21275,1
21276,1
21277,1
21278,1
21279,0
21280,0
21281,0
21282,0
21283,0
21284,0
21285,0
21286,0
21287,1
21288,1
21289,1
21290,1
21291,1
21292,0
21293,0
21294,0
21295,0
21296,0
21297,0
21298,1
21299,1
21300,1
21301,1
21302,1
21303,1
21304,1
21305,1
21306,1
21307,1
21308,1
21309,1
21310,0
21311,0
21312,0
21313,0
21314,0
21315,0
21316,0
21317,0
21318,0
21319,0
21320,0
21321,0
21322,0
21323,0
21324,0
21325,0
21326,0
21327,1
21328,1
21329,1
21330,1
21331,1
21332,0
21333,0
21334,0
21335,0
21336,0
21337,0
21338,0
21339,0
21340,0
21341,0
21342,0
21343,0
21344,0
21345,1
21346,1
21347,1
21348,0
21349,0
21350,0
21351,0
21352,0
21353,0
21354,0
21355,0
21356,0
21357,0
21358,0
21359,0
21360,0
21361,0
21362,0
21363,0
21364,0
21365,0
21366,0
21367,1
21368,1
21369,0
21370,1
21371,1
21372,1
21373,1
21374,1
21375,1
21376,1
21377,1
21378,0
21379,0
21380,0
21381,0
21382,0
21383,0
21384,0
21385,0
21386,0
21387,0
21388,0
21389,0
21390,0
21391,0
21392,0
21393,0
21394,0
21395,0
21396,0
21397,0
21398,0
21399,0
21400,0
21401,0
21402,0
21403,0
21404,0
21405,0
21406,0
21407,0
21408,0
21409,1
21410,1
21411,0
21412,0
21413,0
21414,0
21415,0
21416,0
21417,0
21418,0
21419,0
21420,0
21421,0
21422,0
21423,0
21424,0
21425,1
21426,1
21427,1
21428,1
21429,1
21430,1
21431,1
21432,1
21433,1
21434,0
21435,1
21436,1
21437,1
21438,1
21439,1
21440,0
21441,0
21442,0
21443,0
21444,0
21445,0
21446,1
21447,1
21448,1
21449,1
21450,0
21451,1
21452,1
21453,1
21454,0
21455,0
21456,0
21457,0
21458,0
21459,0
21460,0
21461,0
21462,1
21463,1
21464,1
21465,1
21466,1
21467,0
21468,0
21469,0
21470,0
21471,0
21472,0
21473,0
21474,1
21475,1
21476,1
21477,1
21478,1
21479,1
21480,1
21481,1
21482,1
21483,1
21484,1
21485,1
21486,0
21487,0
21488,0
21489,1
21490,0
21491,0
21492,0
21493,0
21494,0
21495,0
21496,0
21497,0
21498,0
21499,0
21500,0
21501,0
21502,0
21503,1
21504,1
21505,1
21506,1
21507,1
21508,0
21509,0
21510,0
21511,0
21512,0
21513,0
21514,0
21515,0
21516,0
21517,0
21518,0
21519,0
21520,0
21521,1
21522,1
21523,1
21524,1
21525,0
21526,0
21527,0
21528,0
21529,0
21530,0
21531,0
21532,0
21533,0
21534,0
21535,0
21536,0
21537,0
21538,0
21539,0
21540,0
21541,0
21542,0
21543,0
21544,0
21545,0
21546,0
21547,1
21548,1
21549,1
21550,1
21551,1
21552,1
21553,1
21554,1
21555,0
21556,0
21557,0
21558,0
21559,0
21560,0
21561,0
21562,0
21563,0
21564,0
21565,0
21566,0
21567,0
21568,0
21569,0
21570,0
21571,0
21572,0
21573,0
21574,0
21575,0
21576,0
21577,0
21578,0
21579,0
21580,0
21581,0
21582,0
21583,0
21584,0
21585,1
21586,1
21587,1
21588,0
21589,0
21590,0
21591,0
21592,0
21593,0
21594,0
21595,0
21596,0
21597,0
21598,0
21599,0
21600,0
21601,0
21602,1
21603,1
21604,1
21605,1
21606,1
21607,1
21608,1
21609,1
21610,1
21611,1
21612,1
21613,1
21614,1
21615,1
21616,0
21617,0
21618,0
21619,0
21620,0
21621,0
21622,1
21623,1
21624,1
21625,1
21626,0
21627,0
21628,1
21629,1
21630,0
21631,0
21632,0
21633,0
21634,0
21635,0
21636,0
21637,0
21638,0
21639,1
21640,1
21641,1
21642,1
21643,1
21644,0
21645,0
21646,0
21647,0
21648,0
21649,0
21650,1
21651,1
21652,1
21653,1
21654,1
21655,1
21656,1
21657,1
21658,1
21659,1
21660,1
21661,1
21662,1
21663,1
21664,0
21665,0
21666,0
21667,0
21668,0
21669,0
21670,0
21671,0
21672,0
21673,0
21674,0
21675,0
21676,0
21677,0
21678,0
21679,1
21680,1
21681,1
21682,1
21683,1
21684,0
21685,0
21686,0
21687,0
21688,0
21689,0
21690,0
21691,0
21692,0
21693,0
21694,0
21695,0
21696,0
21697,1
21698,1
21699,1
21700,1
21701,0
21702,0
21703,0
21704,0
21705,0
21706,0
21707,0
21708,0
21709,0
21710,0
21711,0
21712,0
21713,0
21714,0
21715,0
21716,0
21717,0
21718,0
21719,0
21720,0
21721,0
21722,0
21723,1
21724,1
21725,1
21726,1
21727,1
21728,1
21729,1
21730,1
21731,0
21732,0
21733,0
21734,0
21735,0
21736,0
21737,0
21738,0
21739,0
21740,0
21741,0
21742,0
21743,1
21744,0
21745,0
21746,0
21747,0
21748,0
21749,0
21750,0
21751,0
21752,0
21753,0
21754,0
21755,0
21756,0
21757,0
21758,0
21759,0
21760,0
21761,1
21762,1
21763,0
21764,0
21765,0
21766,0
21767,0
21768,0
21769,0
21770,0
21771,0
21772,1
21773,0
21774,0
21775,0
21776,0
21777,1
21778,1
21779,1
21780,1
21781,1
21782,1
21783,1
21784,1
21785,1
21786,1
21787,1
21788,1
21789,1
21790,1
21791,1
21792,0
21793,0
21794,1
21795,0
21796,0
21797,0
21798,1
21799,1
21800,1
21801,1
21802,0
21803,1
21804,1
21805,1
21806,0
21807,0
21808,0
21809,0
21810,0
21811,0
21812,0
21813,0
21814,0
21815,1
21816,1
21817,1
21818,1
21819,0
21820,1
21821,0
21822,0
21823,0
21824,0
21825,0
21826,1
21827,1
21828,1
21829,1
21830,1
21831,1
21832,1
21833,0
21834,1
21835,1
21836,1
21837,1
21838,1
21839,0
21840,0
21841,0
21842,0
21843,0
21844,0
21845,0
21846,0
21847,0
21848,0
21849,0
21850,0
21851,0
21852,0
21853,0
21854,0
21855,1
21856,1
21857,1
21858,1
21859,0
21860,0
21861,0
21862,0
21863,0
21864,0
21865,0
21866,0
21867,0
21868,0
21869,0
21870,0
21871,0
21872,0
21873,1
21874,1
21875,1
21876,0
21877,0
21878,0
21879,0
21880,0
21881,0
21882,0
21883,0
21884,0
21885,0
21886,0
21887,0
21888,0
21889,0
21890,0
21891,0
21892,0
21893,0
21894,0
21895,0
21896,0
21897,0
21898,0
21899,1
21900,1
21901,1
21902,1
21903,1
21904,1
21905,1
21906,1
21907,0
21908,0
21909,0
21910,0
21911,0
21912,0
21913,0
21914,0
21915,0
21916,0
21917,0
21918,1
21919,0
21920,0
21921,0
21922,0
21923,0
21924,0
21925,0
21926,0
21927,0
21928,0
21929,0
21930,0
21931,0
21932,0
21933,0
21934,0
21935,0
21936,0
21937,1
21938,1
21939,0
21940,0
21941,0
21942,0
21943,0
21944,0
21945,0
21946,0
21947,0
21948,0
21949,0
21950,0
21951,0
21952,1
21953,1
21954,1
21955,1
21956,1
21957,1
21958,1
21959,1
21960,1
21961,1
21962,1
21963,1
21964,1
21965,1
21966,1
21967,0
21968,0
21969,0
21970,0
21971,0
21972,0
21973,0
21974,1
21975,1
21976,1
21977,0
21978,0
21979,1
21980,1
21981,0
21982,0
21983,0
21984,0
21985,0
21986,0
21987,0
21988,0
21989,0
21990,0
21991,1
21992,1
21993,1
21994,0
21995,1
21996,0
21997,0
21998,0
21999,0
22000,0
22001,1
22002,1
22003,1
22004,1
22005,1
22006,1
22007,1
22008,0
22009,0
22010,1
22011,1
22012,1
22013,1
22014,1
22015,0
22016,0
22017,0
22018,0
22019,0
22020,0
22021,0
22022,0
22023,0
22024,0
22025,0
22026,0
22027,0
22028,0
22029,0
22030,1
22031,1
22032,1
22033,1
22034,1
22035,0
22036,0
22037,0
22038,0
22039,0
22040,0
22041,0
22042,0
22043,0
22044,0
22045,0
22046,0
22047,0
22048,0
22049,1
22050,1
22051,1
22052,0
22053,0
22054,0
22055,0
22056,0
22057,0
22058,0
22059,0
22060,0
22061,0
22062,0
22063,0
22064,0
22065,0
22066,0
22067,0
22068,0
22069,0
22070,0
22071,0
22072,0
22073,0
22074,0
22075,1
22076,1
22077,1
22078,1
22079,1
22080,1
22081,1
22082,1
22083,0
22084,0
22085,0
22086,0
22087,0
22088,0
22089,0
22090,0
22091,0
22092,0
22093,0
22094,1
22095,0
22096,0
22097,0
22098,1
22099,0
22100,0
22101,0
22102,0
22103,0
22104,0
22105,0
22106,0
22107,0
22108,0
22109,0
22110,0
22111,0
22112,0
22113,1
22114,0
22115,0
22116,0
22117,0
22118,0
22119,1
22120,0
22121,0
22122,0
22123,0
22124,0
22125,0
22126,0
22127,0
22128,1
22129,1
22130,1
22131,1
22132,1
22133,1
22134,1
22135,1
22136,1
22137,1
22138,1
22139,1
22140,1
22141,1
22142,1
22143,0
22144,0
22145,0
22146,0
22147,0
22148,0
22149,1
22150,1
22151,1
22152,1
22153,0
22154,1
22155,1
22156,1
22157,0
22158,0
22159,0
22160,0
22161,0
22162,0
22163,0
22164,0
22165,0
22166,0
22167,1
22168,1
22169,1
22170,0
22171,0
22172,0
22173,0
22174,0
22175,0
22176,0
22177,0
22178,1
22179,1
22180,1
22181,1
22182,1
22183,0
22184,0
22185,0
22186,1
22187,1
22188,1
22189,1
22190,0
22191,0
22192,0
22193,0
22194,0
22195,0
22196,0
22197,0
22198,0
22199,0
22200,0
22201,0
22202,0
22203,0
22204,0
22205,0
22206,1
22207,1
22208,1
22209,1
22210,0
22211,0
22212,0
22213,0
22214,0
22215,0
22216,0
22217,0
22218,0
22219,0
22220,0
22221,0
22222,0
22223,0
22224,1
22225,1
22226,1
22227,1
22228,0
22229,0
22230,0
22231,0
22232,0
22233,0
22234,0
22235,0
22236,0
22237,0
22238,0
22239,0
22240,0
22241,0
22242,0
22243,0
22244,0
22245,0
22246,0
22247,0
22248,0
22249,0
22250,0
22251,0
22252,1
22253,1
22254,1
22255,1
22256,1
22257,1
22258,1
22259,0
22260,0
22261,0
22262,0
22263,0
22264,0
22265,0
22266,0
22267,0
22268,0
22269,1
22270,1
22271,0
22272,0
22273,0
22274,0
22275,0
22276,0
22277,0
22278,0
22279,0
22280,0
22281,0
22282,0
22283,0
22284,0
22285,0
22286,0
22287,0
22288,1
22289,1
22290,0
22291,0
22292,0
22293,0
22294,0
22295,0
22296,0
22297,0
22298,0
22299,0
22300,0
22301,0
22302,0
22303,1
22304,1
22305,1
22306,1
22307,1
22308,1
22309,1
22310,1
22311,1
22312,1
22313,1
22314,1
22315,1
22316,1
22317,1
22318,0
22319,0
22320,0
22321,0
22322,0
22323,1
22324,0
22325,1
22326,1
22327,1
22328,0
22329,0
22330,1
22331,1
22332,0
22333,0
22334,0
22335,0
22336,0
22337,0
22338,0
22339,0
22340,0
22341,0
22342,0
22343,1
22344,1
22345,0
22346,0
22347,0
22348,0
22349,0
22350,0
22351,0
22352,0
22353,0
22354,1
22355,1
22356,1
22357,1
22358,1
22359,0
22360,0
22361,1
22362,1
22363,1
22364,1
22365,0
22366,0
22367,0
22368,0
22369,0
22370,0
22371,0
22372,0
22373,0
22374,0
22375,0
22376,0
22377,0
22378,0
22379,0
22380,0
22381,1
22382,1
22383,0
22384,0
22385,0
22386,0
22387,0
22388,0
22389,0
22390,0
22391,0
22392,0
22393,0
22394,0
22395,0
22396,0
22397,0
22398,0
22399,1
22400,1
22401,1
22402,0
22403,0
22404,0
22405,0
22406,0
22407,0
22408,0
22409,0
22410,0
22411,0
22412,0
22413,0
22414,0
22415,0
22416,0
22417,0
22418,0
22419,0
22420,0
22421,0
22422,0
22423,0
22424,0
22425,0
22426,0
22427,1
22428,1
22429,1
22430,1
22431,1
22432,1
22433,1
22434,0
22435,0
22436,0
22437,0
22438,0
22439,0
22440,0
22441,0
22442,0
22443,1
22444,1
22445,0
22446,0
22447,0
22448,0
22449,0
22450,0
22451,0
22452,0
22453,0
22454,0
22455,0
22456,0
22457,0
22458,0
22459,0
22460,0
22461,0
22462,0
22463,1
22464,0
22465,0
22466,0
22467,0
22468,0
22469,0
22470,0
22471,0
22472,0
22473,0
22474,0
22475,0
22476,0
22477,1
22478,1
22479,1
22480,1
22481,1
22482,1
22483,1
22484,1
22485,1
22486,1
22487,1
22488,1
22489,1
22490,1
22491,1
22492,1
22493,0
22494,0
22495,0
22496,0
22497,0
22498,0
22499,0
22500,1
22501,1
22502,0
22503,0
22504,1
22505,1
22506,1
22507,0
22508,0
22509,0
22510,0
22511,0
22512,0
22513,0
22514,0
22515,0
22516,0
22517,0
22518,1
22519,1
22520,0
22521,0
22522,0
22523,0
22524,0
22525,0
22526,0
22527,0
22528,1
22529,1
22530,1
22531,1
22532,1
22533,0
22534,0
22535,0
22536,1
22537,1
22538,1
22539,1
22540,0
22541,0
22542,0
22543,0
22544,0
22545,0
22546,0
22547,0
22548,0
22549,0
22550,0
22551,0
22552,0
22553,0
22554,0
22555,1
22556,1
22557,0
22558,0
22559,0
22560,0
22561,0
22562,0
22563,0
22564,0
22565,0
22566,0
22567,0
22568,0
22569,0
22570,0
22571,0
22572,0
22573,1
22574,1
22575,1
22576,1
22577,0
22578,0
22579,0
22580,0
22581,0
22582,0
22583,0
22584,0
22585,0
22586,0
22587,0
22588,0
22589,0
22590,0
22591,0
22592,0
22593,0
22594,0
22595,0
22596,0
22597,0
22598,0
22599,0
22600,0
22601,1
22602,1
22603,1
22604,1
22605,1
22606,1
22607,1
22608,0
22609,0
22610,0
22611,0
22612,0
22613,0
22614,0
22615,0
22616,0
22617,1
22618,1
22619,0
22620,0
22621,0
22622,0
22623,0
22624,0
22625,0
22626,0
22627,1
22628,0
22629,0
22630,0
22631,0
22632,0
22633,0
22634,0
22635,0
22636,0
22637,1
22638,0
22639,0
22640,0
22641,0
22642,0
22643,0
22644,0
22645,0
22646,0
22647,0
22648,0
22649,0
22650,0
22651,1
22652,1
22653,1
22654,1
22655,1
22656,1
22657,1
22658,1
22659,1
22660,1
22661,1
22662,1
22663,1
22664,1
22665,1
22666,0
22667,0
22668,0
22669,0
22670,0
22671,0
22672,0
22673,1
22674,1
22675,0
22676,0
22677,0
22678,1
22679,1
22680,0
22681,0
22682,0
22683,0
22684,0
22685,0
22686,0
22687,0
22688,0
22689,0
22690,0
22691,0
22692,1
22693,1
22694,0
22695,0
22696,0
22697,0
22698,0
22699,1
22700,0
22701,0
22702,1
22703,1
22704,1
22705,1
22706,0
22707,0
22708,0
22709,0
22710,1
22711,1
22712,1
22713,0
22714,0
22715,0
22716,0
22717,0
22718,0
22719,0
22720,0
22721,0
22722,0
22723,0
22724,0
22725,0
22726,0
22727,0
22728,0
22729,1
22730,0
22731,0
22732,0
22733,0
22734,0
22735,0
22736,0
22737,0
22738,0
22739,0
22740,0
22741,0
22742,0
22743,0
22744,0
22745,0
22746,0
22747,1
22748,0
22749,1
22750,0
22751,0
22752,0
22753,0
22754,0
22755,0
22756,0
22757,0
22758,0
22759,0
22760,0
22761,0
22762,0
22763,0
22764,0
22765,0
22766,0
22767,0
22768,0
22769,0
22770,0
22771,0
22772,0
22773,0
22774,0
22775,1
22776,1
22777,1
22778,1
22779,1
22780,1
22781,0
22782,0
22783,0
22784,0
22785,0
22786,0
22787,0
22788,0
22789,1
22790,1
22791,1
22792,0
22793,0
22794,0
22795,0
22796,0
22797,0
22798,0
22799,0
22800,0
22801,0
22802,0
22803,0
22804,0
22805,0
22806,0
22807,0
22808,0
22809,0
22810,0
22811,0
22812,0
22813,0
22814,0
22815,0
22816,0
22817,0
22818,0
22819,0
22820,0
22821,0
22822,0
22823,1
22824,1
22825,1
22826,1
22827,1
22828,1
22829,1
22830,1
22831,1
22832,1
22833,1
22834,1
22835,1
22836,1
22837,1
22838,1
22839,0
22840,0
22841,0
22842,0
22843,0
22844,0
22845,1
22846,1
22847,0
22848,0
22849,0
22850,1
22851,1
22852,0
22853,0
22854,0
22855,0
22856,0
22857,0
22858,0
22859,0
22860,0
22861,0
22862,0
22863,0
22864,0
22865,1
22866,1
22867,0
22868,0
22869,0
22870,0
22871,0
22872,0
22873,0
22874,1
22875,1
22876,1
22877,1
22878,1
22879,0
22880,0
22881,0
22882,0
22883,1
22884,1
22885,1
22886,0
22887,0
22888,0
22889,0
22890,0
22891,0
22892,0
22893,0
22894,0
22895,0
22896,0
22897,0
22898,0
22899,0
22900,0
22901,0
22902,0
22903,0
22904,0
22905,0
22906,0
22907,0
22908,0
22909,0
22910,0
22911,0
22912,0
22913,0
22914,0
22915,0
22916,0
22917,0
22918,0
22919,0
22920,0
22921,0
22922,1
22923,0
22924,0
22925,0
22926,0
22927,0
22928,0
22929,0
22930,0
22931,0
22932,0
22933,0
22934,0
22935,0
22936,0
22937,0
22938,0
22939,0
22940,0
22941,0
22942,0
22943,0
22944,0
22945,0
22946,0
22947,1
22948,1
22949,1
22950,1
22951,1
22952,1
22953,0
22954,0
22955,0
22956,0
22957,0
22958,0
22959,0
22960,1
22961,1
22962,1
22963,0
22964,0
22965,0
22966,0
22967,0
22968,0
22969,0
22970,0
22971,0
22972,0
22973,0
22974,0
22975,0
22976,0
22977,0
22978,0
22979,0
22980,0
22981,1
22982,0
22983,0
22984,0
22985,0
22986,0
22987,0
22988,0
22989,0
22990,0
22991,0
22992,0
22993,0
22994,1
22995,1
22996,1
22997,1
22998,1
22999,1
23000,1
23001,1
23002,1
23003,1
23004,1
23005,1
23006,1
23007,1
23008,1
23009,1
23010,0
23011,0
23012,0
23013,0
23014,0
23015,0
23016,1
23017,0
23018,0
23019,0
23020,0
23021,1
23022,1
23023,1
23024,0
23025,0
23026,0
23027,0
23028,0
23029,0
23030,0
23031,0
23032,0
23033,0
23034,0
23035,0
23036,1
23037,1
23038,0
23039,0
23040,0
23041,0
23042,1
23043,0
23044,0
23045,0
23046,1
23047,1
23048,1
23049,1
23050,0
23051,0
23052,0
23053,0
23054,0
23055,1
23056,1
23057,0
23058,0
23059,0
23060,0
23061,0
23062,0
23063,0
23064,0
23065,0
23066,0
23067,0
23068,0
23069,0
23070,0
23071,0
23072,0
23073,0
23074,0
23075,0
23076,0
23077,0
23078,0
23079,0
23080,0
23081,0
23082,0
23083,0
23084,0
23085,0
23086,0
23087,0
23088,0
23089,0
23090,0
23091,0
23092,0
23093,0
23094,0
23095,0
23096,0
23097,0
23098,0
23099,0
23100,0
23101,0
23102,0
23103,0
23104,0
23105,0
23106,0
23107,0
23108,0
23109,0
23110,0
23111,0
23112,0
23113,0
23114,0
23115,0
23116,0
23117,0
23118,1
23119,1
23120,1
23121,1
23122,1
23123,0
23124,0
23125,0
23126,0
23127,0
23128,0
23129,0
23130,0
23131,1
23132,1
23133,1
23134,0
23135,0
23136,0
23137,0
23138,0
23139,0
23140,0
23141,0
23142,0
23143,0
23144,0
23145,0
23146,0
23147,0
23148,0
23149,0
23150,0
23151,0
23152,0
23153,0
23154,0
23155,0
23156,0
23157,0
23158,0
23159,0
23160,0
23161,0
23162,0
23163,0
23164,1
23165,1
23166,1
23167,1
23168,1
23169,1
23170,1
23171,1
23172,1
23173,1
23174,1
23175,1
23176,1
23177,1
23178,1
23179,1
23180,1
23181,0
23182,0
23183,0
23184,0
23185,0
23186,0
23187,0
23188,0
23189,0
23190,0
23191,0
23192,1
23193,1
23194,0
23195,0
23196,0
23197,0
23198,0
23199,0
23200,0
23201,0
23202,0
23203,0
23204,0
23205,0
23206,0
23207,1
23208,0
23209,0
23210,0
23211,0
23212,0
23213,0
23214,0
23215,0
23216,1
23217,1
23218,1
23219,1
23220,1
23221,0
23222,0
23223,0
23224,0
23225,1
23226,1
23227,1
23228,0
23229,0
23230,0
23231,0
23232,0
23233,0
23234,0
23235,0
23236,0
23237,0
23238,0
23239,0
23240,0
23241,0
23242,0
23243,0
23244,0
23245,0
23246,0
23247,0
23248,0
23249,0
23250,0
23251,0
23252,0
23253,0
23254,0
23255,0
23256,0
23257,0
23258,0
23259,0
23260,0
23261,0
23262,0
23263,0
23264,0
23265,0
23266,0
23267,0
23268,0
23269,0
23270,0
23271,0
23272,0
23273,0
23274,0
23275,0
23276,0
23277,0
23278,0
23279,0
23280,0
23281,0
23282,0
23283,0
23284,0
23285,0
23286,0
23287,1
23288,1
23289,1
23290,1
23291,1
23292,0
23293,0
23294,0
23295,0
23296,0
23297,0
23298,0
23299,1
23300,1
23301,1
23302,0
23303,0
23304,0
23305,0
23306,0
23307,0
23308,0
23309,0
23310,0
23311,0
23312,0
23313,0
23314,0
23315,0
23316,0
23317,0
23318,0
23319,0
23320,0
23321,0
23322,0
23323,0
23324,0
23325,0
23326,0
23327,0
23328,0
23329,0
23330,0
23331,0
23332,0
23333,1
23334,1
23335,1
23336,1
23337,1
23338,1
23339,1
23340,1
23341,1
23342,1
23343,1
23344,1
23345,1
23346,1
23347,1
23348,1
23349,0
23350,0
23351,0
23352,0
23353,0
23354,0
23355,1
23356,0
23357,0
23358,0
23359,0
23360,1
23361,1
23362,1
23363,0
23364,0
23365,0
23366,0
23367,0
23368,0
23369,0
23370,0
23371,0
23372,0
23373,0
23374,0
23375,0
23376,0
23377,0
23378,0
23379,0
23380,0
23381,0
23382,0
23383,0
23384,0
23385,1
23386,1
23387,1
23388,1
23389,0
23390,0
23391,0
23392,0
23393,0
23394,1
23395,1
23396,0
23397,0
23398,0
23399,0
23400,0
23401,0
23402,0
23403,0
23404,0
23405,0
23406,0
23407,0
23408,0
23409,0
23410,0
23411,0
23412,0
23413,0
23414,0
23415,0
23416,0
23417,0
23418,0
23419,0
23420,0
23421,0
23422,0
23423,0
23424,0
23425,0
23426,0
23427,0
23428,0
23429,0
23430,0
23431,0
23432,0
23433,0
23434,0
23435,0
23436,0
23437,0
23438,0
23439,0
23440,0
23441,0
23442,0
23443,0
23444,0
23445,0
23446,0
23447,0
23448,0
23449,0
23450,0
23451,0
23452,1
23453,1
23454,1
23455,1
23456,0
23457,0
23458,0
23459,0
23460,0
23461,0
23462,0
23463,0
23464,1
23465,1
23466,1
23467,0
23468,0
23469,0
23470,0
23471,0
23472,0
23473,0
23474,0
23475,0
23476,0
23477,0
23478,0
23479,0
23480,0
23481,0
23482,0
23483,0
23484,0
23485,0
23486,0
23487,0
23488,0
23489,0
23490,0
23491,0
23492,0
23493,0
23494,0
23495,0
23496,0
23497,1
23498,1
23499,1
23500,1
23501,1
23502,1
23503,1
23504,1
23505,1
23506,1
23507,1
23508,1
23509,1
23510,1
23511,1
23512,1
23513,1
23514,0
23515,0
23516,0
23517,0
23518,0
23519,0
23520,0
23521,0
23522,0
23523,0
23524,0
23525,1
23526,1
23527,1
23528,0
23529,0
23530,0
23531,0
23532,0
23533,0
23534,0
23535,0
23536,0
23537,0
23538,0
23539,0
23540,0
23541,0
23542,0
23543,0
23544,0
23545,0
23546,0
23547,0
23548,0
23549,1
23550,1
23551,1
23552,1
23553,1
23554,0
23555,0
23556,0
23557,0
23558,1
23559,1
23560,0
23561,0
23562,0
23563,0
23564,0
23565,0
23566,0
23567,0
23568,0
23569,0
23570,0
23571,0
23572,0
23573,0
23574,0
23575,0
23576,0
23577,0
23578,0
23579,0
23580,0
23581,0
23582,0
23583,0
23584,0
23585,0
23586,0
23587,0
23588,0
23589,0
23590,0
23591,0
23592,0
23593,0
23594,0
23595,0
23596,0
23597,0
23598,0
23599,0
23600,0
23601,0
23602,0
23603,0
23604,0
23605,0
23606,0
23607,0
23608,0
23609,0
23610,0
23611,0
23612,0
23613,0
23614,0
23615,0
23616,1
23617,1
23618,1
23619,1
23620,0
23621,0
23622,0
23623,0
23624,0
23625,0
23626,0
23627,1
23628,1
23629,1
23630,0
23631,0
23632,0
23633,0
23634,0
23635,1
23636,0
23637,0
23638,0
23639,0
23640,0
23641,0
23642,0
23643,0
23644,0
23645,0
23646,0
23647,0
23648,0
23649,1
23650,0
23651,0
23652,0
23653,0
23654,0
23655,0
23656,0
23657,0
23658,0
23659,0
23660,1
23661,1
23662,1
23663,1
23664,1
23665,1
23666,1
23667,1
23668,1
23669,1
23670,1
23671,1
23672,1
23673,1
23674,1
23675,1
23676,1
23677,0
23678,0
23679,0
23680,0
23681,0
23682,0
23683,0
23684,0
23685,0
23686,0
23687,0
23688,1
23689,1
23690,1
23691,0
23692,0
23693,0
23694,0
23695,0
23696,0
23697,0
23698,0
23699,0
23700,0
23701,0
23702,0
23703,0
23704,0
23705,0
23706,0
23707,0
23708,0
23709,0
23710,0
23711,0
23712,1
23713,1
23714,1
23715,1
23716,1
23717,0
23718,0
23719,0
23720,0
23721,0
23722,1
23723,1
23724,0
23725,0
23726,0
23727,0
23728,0
23729,0
23730,0
23731,0
23732,0
23733,0
23734,0
23735,0
23736,0
23737,0
23738,0
23739,0
23740,0
23741,0
23742,0
23743,0
23744,0
23745,0
23746,0
23747,0
23748,0
23749,0
23750,0
23751,0
23752,0
23753,0
23754,0
23755,0
23756,0
23757,0
23758,0
23759,0
23760,0
23761,0
23762,0
23763,0
23764,0
23765,0
23766,0
23767,0
23768,0
23769,0
23770,0
23771,0
23772,0
23773,0
23774,0
23775,0
23776,0
23777,0
23778,1
23779,1
23780,0
23781,0
23782,0
23783,0
23784,0
23785,0
23786,0
23787,1
23788,1
23789,1
23790,1
23791,0
23792,0
23793,0
23794,0
23795,0
23796,0
23797,0
23798,0
23799,0
23800,0
23801,0
23802,0
23803,0
23804,0
23805,0
23806,0
23807,0
23808,0
23809,1
23810,1
23811,0
23812,0
23813,0
23814,0
23815,0
23816,0
23817,0
23818,0
23819,0
23820,0
23821,1
23822,1
23823,1
23824,1
23825,1
23826,1
23827,1
23828,1
23829,1
23830,1
23831,1
23832,1
23833,1
23834,1
23835,1
23836,1
23837,1
23838,0
23839,0
23840,0
23841,0
23842,0
23843,0
23844,0
23845,0
23846,0
23847,0
23848,0
23849,1
23850,1
23851,1
23852,0
23853,0
23854,0
23855,0
23856,0
23857,0
23858,0
23859,0
23860,0
23861,0
23862,0
23863,0
23864,0
23865,0
23866,0
23867,0
23868,0
23869,0
23870,0
23871,0
23872,1
23873,1
23874,1
23875,1
23876,1
23877,0
23878,0
23879,0
23880,0
23881,0
23882,1
23883,1
23884,0
23885,0
23886,0
23887,0
23888,0
23889,0
23890,0
23891,0
23892,0
23893,0
23894,0
23895,0
23896,0
23897,0
23898,0
23899,0
23900,0
23901,0
23902,0
23903,0
23904,0
23905,0
23906,0
23907,0
23908,0
23909,0
23910,0
23911,0
23912,0
23913,0
23914,0
23915,0
23916,0
23917,0
23918,0
23919,0
23920,0
23921,0
23922,0
23923,0
23924,0
23925,0
23926,0
23927,0
23928,0
23929,0
23930,0
23931,0
23932,0
23933,1
23934,0
23935,0
23936,0
23937,0
23938,0
23939,0
23940,0
23941,0
23942,1
23943,1
23944,1
23945,0
23946,0
23947,0
23948,0
23949,0
23950,0
23951,0
23952,0
23953,0
23954,0
23955,0
23956,0
23957,0
23958,0
23959,0
23960,0
23961,0
23962,0
23963,0
23964,1
23965,1
23966,0
23967,0
23968,0
23969,0
23970,0
23971,0
23972,0
23973,0
23974,0
23975,1
23976,1
23977,1
23978,1
23979,1
23980,1
23981,1
23982,1
23983,1
23984,1
23985,1
23986,1
23987,1
23988,1
23989,1
23990,1
23991,1
23992,1
23993,0
23994,0
23995,0
23996,0
23997,0
23998,0
23999,0
24000,0
24001,0
24002,0
24003,1
24004,1
24005,1
24006,1
24007,0
24008,0
24009,0
24010,0
24011,0
24012,0
24013,0
24014,0
24015,0
24016,0
24017,0
24018,0
24019,0
24020,0
24021,0
24022,0
24023,0
24024,0
24025,0
24026,0
24027,1
24028,1
24029,1
24030,1
24031,1
24032,0
24033,0
24034,0
24035,0
24036,0
24037,1
24038,0
24039,0
24040,0
24041,0
24042,0
24043,0
24044,0
24045,0
24046,0
24047,0
24048,0
24049,0
24050,0
24051,0
24052,0
24053,0
24054,0
24055,0
24056,0
24057,0
24058,0
24059,0
24060,0
24061,0
24062,0
24063,0
24064,0
24065,0
24066,0
24067,0
24068,0
24069,0
24070,0
24071,0
24072,0
24073,0
24074,0
24075,0
24076,0
24077,0
24078,0
24079,0
24080,0
24081,0
24082,0
24083,0
24084,0
24085,0
24086,1
24087,1
24088,1
24089,1
24090,0
24091,0
24092,0
24093,0
24094,1
24095,0
24096,0
24097,0
24098,0
24099,0
24100,0
24101,0
24102,0
24103,0
24104,0
24105,0
24106,0
24107,0
24108,0
24109,1
24110,0
24111,0
24112,0
24113,0
24114,0
24115,0
24116,0
24117,0
24118,0
24119,1
24120,1
24121,1
24122,1
24123,1
24124,1
24125,1
24126,1
24127,0
24128,0
24129,0
24130,1
24131,1
24132,1
24133,1
24134,1
24135,1
24136,1
24137,0
24138,0
24139,0
24140,0
24141,0
24142,0
24143,0
24144,0
24145,0
24146,0
24147,0
24148,1
24149,1
24150,1
24151,1
24152,0
24153,0
24154,0
24155,0
24156,0
24157,0
24158,0
24159,0
24160,0
24161,0
24162,0
24163,0
24164,0
24165,0
24166,0
24167,0
24168,0
24169,0
24170,0
24171,1
24172,1
24173,1
24174,1
24175,1
24176,0
24177,0
24178,0
24179,0
24180,0
24181,1
24182,1
24183,0
24184,0
24185,0
24186,0
24187,0
24188,0
24189,0
24190,0
24191,0
24192,0
24193,0
24194,0
24195,0
24196,0
24197,0
24198,0
24199,0
24200,0
24201,0
24202,0
24203,0
24204,0
24205,0
24206,0
24207,0
24208,0
24209,0
24210,0
24211,0
24212,0
24213,0
24214,0
24215,0
24216,0
24217,0
24218,0
24219,0
24220,0
24221,0
24222,0
24223,0
24224,0
24225,0
24226,1
24227,1
24228,1
24229,1
24230,0
24231,0
24232,0
24233,0
24234,0
24235,0
24236,0
24237,0
24238,0
24239,0
24240,0
24241,0
24242,0
24243,0
24244,0
24245,0
24246,0
24247,0
24248,1
24249,1
24250,0
24251,0
24252,0
24253,0
24254,0
24255,0
24256,0
24257,0
24258,1
24259,1
24260,1
24261,0
24262,1
24263,1
24264,1
24265,1
24266,0
24267,0
24268,0
24269,0
24270,1
24271,1
24272,1
24273,1
24274,1
24275,1
24276,1
24277,0
24278,0
24279,1
24280,1
24281,0
24282,0
24283,0
24284,0
24285,0
24286,0
24287,1
24288,1
24289,1
24290,1
24291,1
24292,1
24293,0
24294,0
24295,0
24296,0
24297,0
24298,0
24299,0
24300,0
24301,0
24302,0
24303,0
24304,0
24305,0
24306,0
24307,0
24308,0
24309,0
24310,0
24311,1
24312,1
24313,1
24314,1
24315,0
24316,0
24317,0
24318,0
24319,0
24320,0
24321,1
24322,0
24323,0
24324,0
24325,0
24326,0
24327,0
24328,0
24329,0
24330,0
24331,0
24332,0
24333,0
24334,0
24335,0
24336,0
24337,0
24338,0
24339,0
24340,0
24341,0
24342,0
24343,0
24344,0
24345,0
24346,0
24347,0
24348,0
24349,0
24350,0
24351,0
24352,0
24353,0
24354,0
24355,0
24356,0
24357,1
24358,1
24359,1
24360,0
24361,0
24362,0
24363,0
24364,0
24365,1
24366,0
24367,0
24368,0
24369,0
24370,0
24371,0
24372,0
24373,0
24374,0
24375,0
24376,0
24377,0
24378,0
24379,1
24380,1
24381,0
24382,0
24383,0
24384,0
24385,0
24386,0
24387,0
24388,0
24389,1
24390,1
24391,0
24392,0
24393,1
24394,1
24395,1
24396,0
24397,0
24398,0
24399,0
24400,0
24401,1
24402,1
24403,1
24404,1
24405,1
24406,1
24407,0
24408,0
24409,0
24410,0
24411,0
24412,0
24413,0
24414,0
24415,0
24416,0
24417,0
24418,1
24419,1
24420,1
24421,1
24422,1
24423,0
24424,0
24425,0
24426,0
24427,0
24428,0
24429,0
24430,0
24431,0
24432,0
24433,0
24434,0
24435,0
24436,0
24437,0
24438,0
24439,0
24440,0
24441,1
24442,1
24443,1
24444,1
24445,1
24446,0
24447,0
24448,0
24449,0
24450,0
24451,0
24452,1
24453,0
24454,0
24455,0
24456,0
24457,0
24458,0
24459,0
24460,0
24461,0
24462,0
24463,0
24464,0
24465,0
24466,0
24467,0
24468,0
24469,0
24470,0
24471,0
24472,0
24473,0
24474,0
24475,0
24476,0
24477,0
24478,0
24479,1
24480,1
24481,1
24482,0
24483,0
24484,0
24485,0
24486,0
24487,0
24488,0
24489,0
24490,0
24491,0
24492,0
24493,0
24494,0
24495,0
24496,0
24497,0
24498,0
24499,0
24500,0
24501,1
24502,1
24503,0
24504,0
24505,0
24506,0
24507,0
24508,0
24509,0
24510,1
24511,1
24512,0
24513,0
24514,0
24515,1
24516,1
24517,0
24518,0
24519,0
24520,0
24521,0
24522,1
24523,1
24524,1
24525,1
24526,1
24527,1
24528,1
24529,0
24530,0
24531,0
24532,0
24533,0
24534,0
24535,0
24536,0
24537,0
24538,0
24539,1
24540,1
24541,1
24542,1
24543,1
24544,1
24545,0
24546,0
24547,0
24548,0
24549,1
24550,0
24551,0
24552,0
24553,0
24554,0
24555,0
24556,0
24557,0
24558,0
24559,0
24560,0
24561,0
24562,1
24563,1
24564,1
24565,1
24566,1
24567,0
24568,0
24569,0
24570,0
24571,0
24572,0
24573,0
24574,0
24575,0
24576,0
24577,0
24578,0
24579,0
24580,1
24581,0
24582,0
24583,0
24584,0
24585,0
24586,0
24587,0
24588,0
24589,0
24590,0
24591,0
24592,0
24593,0
24594,0
24595,0
24596,0
24597,0
24598,1
24599,1
24600,0
24601,0
24602,0
24603,0
24604,0
24605,0
24606,0
24607,0
24608,0
24609,0
24610,0
24611,0
24612,0
24613,0
24614,0
24615,0
24616,0
24617,0
24618,0
24619,1
24620,1
24621,0
24622,0
24623,0
24624,0
24625,0
24626,0
24627,0
24628,1
24629,1
24630,1
24631,0
24632,0
24633,0
24634,0
24635,0
24636,0
24637,0
24638,0
24639,0
24640,1
24641,1
24642,1
24643,1
24644,1
24645,1
24646,1
24647,0
24648,0
24649,0
24650,0
24651,0
24652,0
24653,0
24654,0
24655,0
24656,0
24657,1
24658,1
24659,1
24660,1
24661,1
24662,0
24663,0
24664,0
24665,0
24666,0
24667,0
24668,0
24669,0
24670,0
24671,1
24672,0
24673,0
24674,0
24675,0
24676,0
24677,0
24678,0
24679,0
24680,1
24681,1
24682,1
24683,1
24684,1
24685,0
24686,0
24687,0
24688,0
24689,0
24690,0
24691,0
24692,0
24693,0
24694,0
24695,0
24696,0
24697,1
24698,0
24699,0
24700,0
24701,0
24702,0
24703,0
24704,0
24705,0
24706,0
24707,0
24708,0
24709,0
24710,0
24711,1
24712,1
24713,0
24714,0
24715,0
24716,0
24717,0
24718,0
24719,0
24720,0
24721,0
24722,0
24723,0
24724,0
24725,0
24726,0
24727,0
24728,0
24729,0
24730,0
24731,0
24732,1
24733,1
24734,0
24735,0
24736,0
24737,0
24738,0
24739,0
24740,0
24741,1
24742,1
24743,0
24744,0
24745,0
24746,0
24747,0
24748,0
24749,0
24750,0
24751,0
24752,0
24753,1
24754,1
24755,1
24756,1
24757,1
24758,1
24759,0
24760,0
24761,0
24762,0
24763,0
24764,0
24765,0
24766,0
24767,0
24768,0
24769,1
24770,1
24771,1
24772,1
24773,1
24774,1
24775,0
24776,0
24777,0
24778,0
24779,0
24780,0
24781,0
24782,0
24783,1
24784,1
24785,0
24786,0
24787,0
24788,0
24789,0
24790,0
24791,0
24792,1
24793,1
24794,1
24795,1
24796,1
24797,0
24798,0
24799,0
24800,0
24801,0
24802,0
24803,0
24804,0
24805,0
24806,0
24807,0
24808,0
24809,0
24810,1
24811,0
24812,0
24813,0
24814,0
24815,0
24816,0
24817,0
24818,0
24819,0
24820,0
24821,1
24822,1
24823,0
24824,0
24825,0
24826,0
24827,0
24828,0
24829,0
24830,0
24831,0
24832,0
24833,0
24834,0
24835,0
24836,0
24837,0
24838,0
24839,0
24840,0
24841,1
24842,1
24843,1
24844,0
24845,0
24846,0
24847,0
24848,0
24849,0
24850,1
24851,1
24852,1
24853,0
24854,0
24855,0
24856,0
24857,0
24858,0
24859,0
24860,0
24861,0
24862,1
24863,1
24864,1
24865,1
24866,1
24867,1
24868,0
24869,0
24870,0
24871,0
24872,0
24873,0
24874,0
24875,0
24876,0
24877,0
24878,1
24879,1
24880,1
24881,1
24882,1
24883,1
24884,0
24885,0
24886,0
24887,0
24888,0
24889,0
24890,0
24891,0
24892,1
24893,0
24894,0
24895,0
24896,0
24897,0
24898,0
24899,0
24900,0
24901,1
24902,1
24903,1
24904,1
24905,1
24906,0
24907,0
24908,0
24909,0
24910,0
24911,0
24912,0
24913,0
24914,0
24915,0
24916,0
24917,0
24918,1
24919,1
24920,0
24921,0
24922,0
24923,0
24924,0
24925,0
24926,0
24927,0
24928,0
24929,1
24930,0
24931,0
24932,0
24933,0
24934,0
24935,0
24936,0
24937,0
24938,0
24939,0
24940,0
24941,0
24942,0
24943,0
24944,0
24945,0
24946,0
24947,0
24948,0
24949,1
24950,1
24951,0
24952,0
24953,0
24954,0
24955,0
24956,0
24957,0
24958,1
24959,1
24960,0
24961,0
24962,0
24963,0
24964,0
24965,0
24966,0
24967,0
24968,1
24969,1
24970,1
24971,1
24972,1
24973,1
24974,0
24975,0
24976,0
24977,0
24978,1
24979,0
24980,1
24981,0
24982,0
24983,1
24984,1
24985,1
24986,1
24987,1
24988,1
24989,0
24990,0
24991,0
24992,0
24993,0
24994,0
24995,0
24996,0
24997,1
24998,0
24999,0
25000,0
25001,0
25002,0
25003,0
25004,0
25005,0
25006,1
25007,1
25008,1
25009,1
25010,1
25011,0
25012,0
25013,0
25014,0
25015,0
25016,0
25017,0
25018,0
25019,0
25020,0
25021,0
25022,0
25023,1
25024,1
25025,1
25026,0
25027,0
25028,0
25029,0
25030,0
25031,0
25032,0
25033,1
25034,1
25035,0
25036,0
25037,0
25038,0
25039,0
25040,0
25041,0
25042,0
25043,0
25044,0
25045,0
25046,0
25047,0
25048,0
25049,0
25050,0
25051,0
25052,0
25053,1
25054,1
25055,1
25056,0
25057,0
25058,0
25059,0
25060,0
25061,0
25062,1
25063,1
25064,1
25065,0
25066,0
25067,0
25068,0
25069,0
25070,0
25071,0
25072,0
25073,1
25074,1
25075,1
25076,1
25077,1
25078,1
25079,0
25080,0
25081,1
25082,0
25083,0
25084,0
25085,1
25086,0
25087,0
25088,1
25089,1
25090,1
25091,1
25092,1
25093,1
25094,0
25095,0
25096,0
25097,1
25098,1
25099,0
25100,0
25101,0
25102,0
25103,0
25104,0
25105,0
25106,0
25107,0
25108,0
25109,0
25110,0
25111,1
25112,1
25113,1
25114,1
25115,1
25116,0
25117,0
25118,0
25119,0
25120,0
25121,0
25122,0
25123,0
25124,0
25125,0
25126,0
25127,1
25128,1
25129,1
25130,0
25131,0
25132,0
25133,0
25134,0
25135,0
25136,0
25137,0
25138,1
25139,0
25140,0
25141,0
25142,0
25143,0
25144,0
25145,0
25146,0
25147,0
25148,1
25149,0
25150,0
25151,0
25152,0
25153,0
25154,0
25155,0
25156,0
25157,0
25158,1
25159,1
25160,0
25161,0
25162,0
25163,0
25164,0
25165,0
25166,0
25167,1
25168,1
25169,0
25170,0
25171,0
25172,0
25173,0
25174,1
25175,1
25176,1
25177,1
25178,1
25179,1
25180,1
25181,0
25182,0
25183,1
25184,0
25185,0
25186,0
25187,1
25188,0
25189,1
25190,1
25191,1
25192,1
25193,1
25194,1
25195,0
25196,0
25197,0
25198,0
25199,0
25200,0
25201,0
25202,0
25203,0
25204,0
25205,0
25206,0
25207,0
25208,0
25209,0
25210,0
25211,0
25212,1
25213,1
25214,1
25215,1
25216,1
25217,0
25218,0
25219,0
25220,0
25221,0
25222,0
25223,0
25224,0
25225,0
25226,0
25227,0
25228,0
25229,1
25230,1
25231,1
25232,0
25233,0
25234,0
25235,0
25236,0
25237,0
25238,0
25239,1
25240,1
25241,0
25242,0
25243,0
25244,0
25245,0
25246,0
25247,0
25248,0
25249,0
25250,0
25251,0
25252,0
25253,0
25254,0
25255,0
25256,0
25257,0
25258,0
25259,1
25260,1
25261,1
25262,0
25263,0
25264,0
25265,0
25266,0
25267,0
25268,1
25269,1
25270,1
25271,0
25272,0
25273,0
25274,0
25275,1
25276,1
25277,1
25278,1
25279,1
25280,1
25281,1
25282,0
25283,1
25284,1
25285,0
25286,1
25287,1
25288,0
25289,0
25290,1
25291,1
25292,1
25293,1
25294,1
25295,0
25296,0
25297,0
25298,0
25299,0
25300,0
25301,0
25302,0
25303,0
25304,0
25305,0
25306,0
25307,0
25308,0
25309,0
25310,0
25311,0
25312,1
25313,1
25314,1
25315,1
25316,1
25317,1
25318,0
25319,0
25320,0
25321,0
25322,0
25323,0
25324,0
25325,0
25326,0
25327,0
25328,0
25329,1
25330,1
25331,1
25332,0
25333,0
25334,0
25335,0
25336,0
25337,0
25338,0
25339,1
25340,1
25341,0
25342,0
25343,0
25344,0
25345,0
25346,0
25347,0
25348,0
25349,1
25350,0
25351,0
25352,0
25353,0
25354,0
25355,0
25356,0
25357,0
25358,0
25359,1
25360,1
25361,0
25362,0
25363,0
25364,0
25365,0
25366,0
25367,0
25368,1
25369,1
25370,0
25371,0
25372,0
25373,0
25374,1
25375,1
25376,1
25377,1
25378,1
25379,1
25380,1
25381,1
25382,1
25383,0
25384,0
25385,0
25386,0
25387,0
25388,1
25389,1
25390,1
25391,1
25392,1
25393,0
25394,0
25395,0
25396,0
25397,0
25398,0
25399,0
25400,0
25401,0
25402,0
25403,0
25404,0
25405,1
25406,1
25407,0
25408,0
25409,0
25410,0
25411,1
25412,1
25413,1
25414,1
25415,1
25416,0
25417,0
25418,0
25419,0
25420,0
25421,0
25422,0
25423,0
25424,0
25425,0
25426,0
25427,0
25428,1
25429,1
25430,1
25431,0
25432,0
25433,0
25434,0
25435,0
25436,0
25437,1
25438,1
25439,0
25440,0
25441,0
25442,0
25443,0
25444,0
25445,0
25446,0
25447,1
25448,0
25449,0
25450,0
25451,0
25452,0
25453,0
25454,0
25455,0
25456,0
25457,1
25458,1
25459,1
25460,0
25461,0
25462,0
25463,0
25464,0
25465,0
25466,1
25467,1
25468,1
25469,0
25470,0
25471,0
25472,0
25473,1
25474,1
25475,1
25476,1
25477,1
25478,1
25479,1
25480,1
25481,1
25482,0
25483,0
25484,0
25485,0
25486,0
25487,1
25488,1
25489,1
25490,1
25491,1
25492,0
25493,0
25494,0
25495,1
25496,1
25497,0
25498,1
25499,1
25500,0
25501,0
25502,0
25503,0
25504,1
25505,0
25506,0
25507,0
25508,0
25509,1
25510,1
25511,1
25512,1
25513,1
25514,1
25515,0
25516,0
25517,0
25518,0
25519,0
25520,0
25521,0
25522,0
25523,0
25524,0
25525,0
25526,1
25527,1
25528,1
25529,1
25530,0
25531,0
25532,0
25533,0
25534,0
25535,0
25536,1
25537,1
25538,0
25539,0
25540,0
25541,0
25542,0
25543,0
25544,0
25545,0
25546,0
25547,0
25548,0
25549,0
25550,0
25551,0
25552,0
25553,0
25554,0
25555,0
25556,1
25557,1
25558,0
25559,0
25560,0
25561,0
25562,0
25563,0
25564,0
25565,1
25566,1
25567,0
25568,0
25569,0
25570,0
25571,0
25572,0
25573,1
25574,1
25575,1
25576,1
25577,1
25578,1
25579,1
25580,0
25581,0
25582,0
25583,0
25584,0
25585,1
25586,1
25587,1
25588,1
25589,1
25590,0
25591,0
25592,0
25593,0
25594,0
25595,0
25596,0
25597,0
25598,0
25599,0
25600,0
25601,0
25602,1
25603,1
25604,0
25605,0
25606,0
25607,0
25608,1
25609,1
25610,1
25611,1
25612,1
25613,0
25614,0
25615,0
25616,0
25617,0
25618,0
25619,0
25620,0
25621,0
25622,0
25623,0
25624,0
25625,1
25626,1
25627,1
25628,1
25629,0
25630,0
25631,0
25632,0
25633,0
25634,1
25635,1
25636,0
25637,0
25638,0
25639,0
25640,0
25641,0
25642,0
25643,0
25644,0
25645,0
25646,0
25647,0
25648,0
25649,0
25650,0
25651,0
25652,0
25653,1
25654,1
25655,1
25656,0
25657,0
25658,0
25659,0
25660,0
25661,0
25662,1
25663,1
25664,1
25665,0
25666,0
25667,0
25668,0
25669,0
25670,0
25671,1
25672,1
25673,1
25674,1
25675,1
25676,1
25677,1
25678,0
25679,0
25680,0
25681,0
25682,1
25683,1
25684,1
25685,1
25686,1
25687,1
25688,0
25689,0
25690,0
25691,0
25692,1
25693,0
25694,0
25695,0
25696,0
25697,0
25698,0
25699,0
25700,1
25701,1
25702,0
25703,0
25704,0
25705,1
25706,1
25707,1
25708,1
25709,1
25710,1
25711,0
25712,0
25713,0
25714,0
25715,0
25716,0
25717,0
25718,0
25719,0
25720,0
25721,0
25722,1
25723,1
25724,1
25725,1
25726,1
25727,0
25728,0
25729,0
25730,0
25731,0
25732,1
25733,1
25734,1
25735,0
25736,0
25737,0
25738,0
25739,0
25740,0
25741,0
25742,0
25743,0
25744,0
25745,0
25746,0
25747,0
25748,0
25749,0
25750,0
25751,0
25752,1
25753,1
25754,0
25755,0
25756,0
25757,0
25758,0
25759,0
25760,0
25761,1
25762,1
25763,0
25764,0
25765,0
25766,0
25767,0
25768,0
25769,1
25770,1
25771,1
25772,1
25773,1
25774,1
25775,0
25776,0
25777,0
25778,0
25779,0
25780,1
25781,1
25782,1
25783,1
25784,1
25785,1
25786,0
25787,0
25788,0
25789,0
25790,1
25791,1
25792,0
25793,0
25794,0
25795,0
25796,0
25797,1
25798,1
25799,1
25800,0
25801,0
25802,1
25803,1
25804,1
25805,1
25806,1
25807,1
25808,1
25809,0
25810,0
25811,0
25812,0
25813,0
25814,0
25815,0
25816,0
25817,0
25818,0
25819,1
25820,1
25821,1
25822,1
25823,1
25824,1
25825,0
25826,0
25827,0
25828,0
25829,0
25830,1
25831,1
25832,1
25833,0
25834,0
25835,0
25836,0
25837,0
25838,1
25839,0
25840,0
25841,0
25842,0
25843,0
25844,0
25845,0
25846,0
25847,0
25848,0
25849,1
25850,1
25851,1
25852,0
25853,0
25854,0
25855,0
25856,0
25857,0
25858,1
25859,1
25860,1
25861,0
25862,0
25863,0
25864,0
25865,0
25866,1
25867,1
25868,1
25869,1
25870,1
25871,1
25872,0
25873,0
25874,0
25875,0
25876,0
25877,1
25878,1
25879,1
25880,1
25881,1
25882,1
25883,0
25884,0
25885,0
25886,0
25887,1
25888,0
25889,0
25890,0
25891,0
25892,0
25893,0
25894,1
25895,1
25896,1
25897,0
25898,1
25899,1
25900,1
25901,1
25902,1
25903,1
25904,1
25905,1
25906,0
25907,0
25908,0
25909,0
25910,0
25911,0
25912,0
25913,0
25914,0
25915,0
25916,1
25917,1
25918,1
25919,1
25920,1
25921,1
25922,0
25923,0
25924,0
25925,0
25926,0
25927,1
25928,1
25929,1
25930,0
25931,0
25932,0
25933,0
25934,0
25935,0
25936,0
25937,0
25938,0
25939,0
25940,0
25941,0
25942,0
25943,0
25944,0
25945,0
25946,1
25947,1
25948,0
25949,0
25950,0
25951,0
25952,0
25953,0
25954,1
25955,1
25956,1
25957,0
25958,0
25959,0
25960,0
25961,0
25962,0
25963,1
25964,1
25965,1
25966,1
25967,1
25968,0
25969,0
25970,0
25971,0
25972,0
25973,0
25974,1
25975,1
25976,1
25977,1
25978,1
25979,0
25980,0
25981,0
25982,0
25983,0
25984,0
25985,1
25986,0
25987,0
25988,0
25989,0
25990,1
25991,1
25992,1
25993,1
25994,1
25995,1
25996,1
25997,1
25998,1
25999,1
26000,1
26001,1
26002,0
26003,0
26004,0
26005,0
26006,0
26007,0
26008,0
26009,0
26010,0
26011,0
26012,1
26013,1
26014,1
26015,1
26016,1
26017,1
26018,0
26019,0
26020,0
26021,0
26022,0
26023,0
26024,1
26025,1
26026,1
26027,0
26028,0
26029,0
26030,0
26031,0
26032,1
26033,0
26034,0
26035,0
26036,0
26037,0
26038,0
26039,0
26040,0
26041,0
26042,0
26043,1
26044,1
26045,1
26046,0
26047,0
26048,0
26049,0
26050,0
26051,1
26052,1
26053,1
26054,1
26055,0
26056,0
26057,0
26058,0
26059,0
26060,1
26061,1
26062,1
26063,1
26064,0
26065,0
26066,0
26067,0
26068,0
26069,0
26070,0
26071,1
26072,1
26073,1
26074,1
26075,0
26076,1
26077,0
26078,0
26079,0
26080,0
26081,0
26082,0
26083,0
26084,0
26085,0
26086,1
26087,1
26088,1
26089,1
26090,1
26091,1
26092,1
26093,1
26094,1
26095,1
26096,1
26097,1
26098,1
26099,0
26100,0
26101,0
26102,0
26103,0
26104,0
26105,0
26106,0
26107,0
26108,0
26109,1
26110,1
26111,1
26112,1
26113,1
26114,1
26115,0
26116,0
26117,0
26118,0
26119,0
26120,0
26121,1
26122,1
26123,1
26124,0
26125,0
26126,0
26127,0
26128,0
26129,0
26130,0
26131,0
26132,0
26133,0
26134,0
26135,0
26136,0
26137,0
26138,0
26139,0
26140,1
26141,1
26142,0
26143,0
26144,0
26145,0
26146,0
26147,1
26148,1
26149,1
26150,1
26151,0
26152,0
26153,0
26154,0
26155,0
26156,0
26157,1
26158,1
26159,1
26160,0
26161,0
26162,0
26163,0
26164,0
26165,0
26166,0
26167,0
26168,0
26169,1
26170,1
26171,1
26172,0
26173,0
26174,0
26175,0
26176,0
26177,0
26178,1
26179,0
26180,0
26181,0
26182,1
26183,1
26184,1
26185,1
26186,1
26187,1
26188,1
26189,1
26190,1
26191,1
26192,1
26193,1
26194,1
26195,0
26196,0
26197,0
26198,0
26199,0
26200,0
26201,0
26202,0
26203,0
26204,0
26205,0
26206,1
26207,1
26208,1
26209,1
26210,1
26211,1
26212,0
26213,0
26214,0
26215,0
26216,0
26217,0
26218,0
26219,0
26220,0
26221,1
26222,1
26223,1
26224,0
26225,0
26226,0
26227,0
26228,0
26229,0
26230,0
26231,0
26232,0
26233,0
26234,0
26235,0
26236,0
26237,0
26238,0
26239,1
26240,1
26241,1
26242,0
26243,0
26244,0
26245,0
26246,1
26247,1
26248,1
26249,1
26250,0
26251,0
26252,0
26253,0
26254,0
26255,0
26256,0
26257,1
26258,1
26259,0
26260,0
26261,0
26262,0
26263,0
26264,0
26265,0
26266,0
26267,0
26268,1
26269,1
26270,1
26271,0
26272,0
26273,1
26274,0
26275,0
26276,1
26277,1
26278,0
26279,0
26280,0
26281,1
26282,1
26283,1
26284,1
26285,1
26286,1
26287,1
26288,1
26289,1
26290,1
26291,1
26292,1
26293,1
26294,1
26295,0
26296,0
26297,0
26298,0
26299,0
26300,0
26301,0
26302,0
26303,0
26304,0
26305,1
26306,1
26307,1
26308,1
26309,1
26310,1
26311,0
26312,0
26313,0
26314,0
26315,0
26316,0
26317,0
26318,0
26319,0
26320,0
26321,0
26322,0
26323,1
26324,1
26325,1
26326,0
26327,0
26328,0
26329,0
26330,0
26331,0
26332,0
26333,0
26334,0
26335,0
26336,0
26337,0
26338,0
26339,0
26340,0
26341,0
26342,1
26343,1
26344,0
26345,0
26346,0
26347,0
26348,1
26349,1
26350,1
26351,1
26352,1
26353,0
26354,0
26355,0
26356,0
26357,0
26358,0
26359,1
26360,1
26361,0
26362,0
26363,0
26364,1
26365,0
26366,0
26367,0
26368,0
26369,0
26370,1
26371,1
26372,1
26373,0
26374,1
26375,0
26376,0
26377,0
26378,1
26379,0
26380,0
26381,1
26382,1
26383,1
26384,1
26385,1
26386,1
26387,1
26388,1
26389,1
26390,1
26391,1
26392,1
26393,1
26394,1
26395,1
26396,0
26397,0
26398,0
26399,0
26400,0
26401,0
26402,0
26403,0
26404,0
26405,0
26406,0
26407,1
26408,1
26409,1
26410,1
26411,1
26412,0
26413,0
26414,0
26415,0
26416,0
26417,0
26418,0
26419,0
26420,0
26421,0
26422,0
26423,0
26424,0
26425,0
26426,0
26427,1
26428,1
26429,1
26430,0
26431,0
26432,0
26433,0
26434,0
26435,0
26436,0
26437,0
26438,0
26439,0
26440,0
26441,0
26442,0
26443,0
26444,0
26445,1
26446,1
26447,1
26448,0
26449,0
26450,0
26451,1
26452,1
26453,1
26454,1
26455,1
26456,0
26457,0
26458,0
26459,0
26460,0
26461,0
26462,0
26463,1
26464,0
26465,0
26466,0
26467,0
26468,0
26469,0
26470,0
26471,0
26472,0
26473,0
26474,1
26475,1
26476,1
26477,1
26478,1
26479,0
26480,0
26481,1
26482,1
26483,0
26484,0
26485,0
26486,1
26487,1
26488,1
26489,1
26490,1
26491,1
26492,1
26493,1
26494,1
26495,1
26496,1
26497,1
26498,0
26499,0
26500,0
26501,0
26502,0
26503,0
26504,0
26505,0
26506,0
26507,0
26508,0
26509,0
26510,1
26511,1
26512,1
26513,1
26514,1
26515,0
26516,0
26517,0
26518,0
26519,0
26520,0
26521,0
26522,0
26523,0
26524,0
26525,0
26526,0
26527,0
26528,0
26529,0
26530,1
26531,1
26532,1
26533,1
26534,0
26535,0
26536,0
26537,0
26538,0
26539,0
26540,0
26541,0
26542,0
26543,0
26544,0
26545,0
26546,0
26547,0
26548,0
26549,1
26550,1
26551,0
26552,0
26553,0
26554,1
26555,1
26556,1
26557,1
26558,1
26559,0
26560,0
26561,0
26562,0
26563,0
26564,0
26565,0
26566,0
26567,1
26568,0
26569,0
26570,0
26571,0
26572,0
26573,0
26574,0
26575,0
26576,0
26577,1
26578,1
26579,1
26580,1
26581,1
26582,1
26583,0
26584,0
26585,1
26586,0
26587,0
26588,0
26589,0
26590,1
26591,1
26592,1
26593,1
26594,1
26595,1
26596,1
26597,1
26598,1
26599,1
26600,1
26601,0
26602,0
26603,0
26604,0
26605,0
26606,0
26607,0
26608,0
26609,0
26610,0
26611,0
26612,0
26613,0
26614,1
26615,1
26616,1
26617,1
26618,0
26619,0
26620,0
26621,0
26622,0
26623,0
26624,0
26625,0
26626,0
26627,0
26628,0
26629,0
26630,0
26631,0
26632,0
26633,0
26634,0
26635,0
26636,1
26637,1
26638,1
26639,1
26640,0
26641,0
26642,0
26643,0
26644,0
26645,0
26646,0
26647,0
26648,0
26649,0
26650,1
26651,0
26652,0
26653,0
26654,0
26655,1
26656,1
26657,0
26658,0
26659,1
26660,1
26661,1
26662,1
26663,1
26664,1
26665,0
26666,0
26667,0
26668,0
26669,0
26670,0
26671,0
26672,1
26673,0
26674,0
26675,0
26676,0
26677,0
26678,0
26679,0
26680,0
26681,0
26682,0
26683,1
26684,1
26685,1
26686,1
26687,1
26688,1
26689,0
26690,1
26691,1
26692,0
26693,0
26694,0
26695,1
26696,1
26697,1
26698,1
26699,1
26700,1
26701,1
26702,1
26703,1
26704,1
26705,0
26706,0
26707,0
26708,0
26709,0
26710,0
26711,0
26712,0
26713,0
26714,0
26715,0
26716,0
26717,0
26718,0
26719,0
26720,1
26721,1
26722,1
26723,0
26724,0
26725,0
26726,0
26727,0
26728,0
26729,0
26730,0
26731,0
26732,0
26733,0
26734,0
26735,0
26736,0
26737,0
26738,0
26739,0
26740,0
26741,0
26742,1
26743,1
26744,1
26745,1
26746,0
26747,0
26748,0
26749,0
26750,0
26751,0
26752,0
26753,0
26754,0
26755,0
26756,1
26757,0
26758,0
26759,0
26760,0
26761,1
26762,1
26763,1
26764,0
26765,1
26766,1
26767,1
26768,1
26769,1
26770,1
26771,0
26772,0
26773,0
26774,0
26775,0
26776,0
26777,0
26778,1
26779,0
26780,0
26781,0
26782,0
26783,0
26784,0
26785,0
26786,0
26787,0
26788,1
26789,1
26790,1
26791,1
26792,1
26793,1
26794,1
26795,1
26796,1
26797,0
26798,0
26799,0
26800,0
26801,1
26802,1
26803,1
26804,1
26805,1
26806,1
26807,1
26808,1
26809,1
26810,0
26811,0
26812,0
26813,0
26814,0
26815,0
26816,1
26817,0
26818,0
26819,0
26820,0
26821,0
26822,0
26823,0
26824,0
26825,0
26826,1
26827,1
26828,0
26829,0
26830,0
26831,0
26832,0
26833,0
26834,0
26835,0
26836,0
26837,0
26838,0
26839,0
26840,0
26841,0
26842,0
26843,0
26844,0
26845,0
26846,0
26847,0
26848,0
26849,0
26850,1
26851,1
26852,1
26853,1
26854,0
26855,0
26856,0
26857,0
26858,0
26859,0
26860,0
26861,0
26862,0
26863,1
26864,1
26865,0
26866,0
26867,0
26868,0
26869,1
26870,1
26871,1
26872,1
26873,1
26874,1
26875,1
26876,1
26877,1
26878,0
26879,0
26880,0
26881,0
26882,0
26883,0
26884,0
26885,1
26886,0
26887,0
26888,0
26889,0
26890,0
26891,0
26892,0
26893,0
26894,0
26895,0
26896,1
26897,1
26898,1
26899,1
26900,1
26901,1
26902,1
26903,1
26904,1
26905,0
26906,0
26907,0
26908,1
26909,1
26910,1
26911,1
26912,1
26913,1
26914,1
26915,1
26916,1
26917,0
26918,0
26919,0
26920,0
26921,0
26922,0
26923,0
26924,0
26925,0
26926,0
26927,0
26928,0
26929,0
26930,0
26931,0
26932,0
26933,1
26934,1
26935,0
26936,0
26937,0
26938,0
26939,0
26940,0
26941,0
26942,0
26943,0
26944,0
26945,0
26946,0
26947,0
26948,0
26949,0
26950,0
26951,0
26952,0
26953,0
26954,0
26955,0
26956,0
26957,0
26958,1
26959,1
26960,1
26961,1
26962,0
26963,0
26964,0
26965,0
26966,0
26967,0
26968,0
26969,0
26970,1
26971,1
26972,0
26973,0
26974,0
26975,0
26976,1
26977,1
26978,1
26979,1
26980,1
26981,1
26982,1
26983,1
26984,1
26985,1
26986,0
26987,0
26988,0
26989,0
26990,0
26991,0
26992,1
26993,0
26994,0
26995,0
26996,0
26997,0
26998,0
26999,0
27000,0
27001,0
27002,1
27003,1
27004,1
27005,1
27006,1
27007,1
27008,1
27009,1
27010,1
27011,0
27012,0
27013,0
27014,0
27015,1
27016,1
27017,1
27018,1
27019,1
27020,1
27021,1
27022,1
27023,0
27024,0
27025,0
27026,0
27027,0
27028,0
27029,0
27030,0
27031,0
27032,0
27033,0
27034,0
27035,0
27036,0
27037,0
27038,0
27039,0
27040,1
27041,0
27042,0
27043,0
27044,0
27045,0
27046,0
27047,0
27048,0
27049,0
27050,0
27051,0
27052,0
27053,0
27054,0
27055,0
27056,0
27057,0
27058,0
27059,0
27060,0
27061,0
27062,0
27063,0
27064,0
27065,1
27066,1
27067,1
27068,1
27069,1
27070,0
27071,0
27072,0
27073,0
27074,1
27075,0
27076,0
27077,0
27078,1
27079,1
27080,0
27081,0
27082,0
27083,0
27084,1
27085,1
27086,1
27087,1
27088,1
27089,1
27090,1
27091,1
27092,1
27093,0
27094,0
27095,0
27096,0
27097,0
27098,0
27099,1
27100,0
27101,0
27102,0
27103,0
27104,0
27105,0
27106,0
27107,0
27108,0
27109,0
27110,1
27111,1
27112,1
27113,1
27114,1
27115,1
27116,1
27117,1
27118,1
27119,0
27120,0
27121,0
27122,1
27123,1
27124,1
27125,1
27126,1
27127,1
27128,1
27129,1
27130,1
27131,0
27132,0
27133,0
27134,0
27135,0
27136,0
27137,0
27138,0
27139,0
27140,0
27141,0
27142,0
27143,0
27144,0
27145,0
27146,0
27147,0
27148,0
27149,0
27150,0
27151,0
27152,0
27153,0
27154,0
27155,0
27156,0
27157,0
27158,0
27159,0
27160,0
27161,0
27162,0
27163,0
27164,0
27165,0
27166,0
27167,0
27168,0
27169,0
27170,0
27171,0
27172,0
27173,0
27174,0
27175,1
27176,1
27177,1
27178,1
27179,0
27180,0
27181,1
27182,0
27183,0
27184,1
27185,0
27186,0
27187,1
27188,1
27189,0
27190,0
27191,0
27192,0
27193,0
27194,1
27195,1
27196,1
27197,1
27198,1
27199,1
27200,1
27201,1
27202,0
27203,0
27204,0
27205,0
27206,0
27207,0
27208,0
27209,1
27210,0
27211,0
27212,0
27213,0
27214,0
27215,0
27216,0
27217,0
27218,0
27219,1
27220,1
27221,1
27222,1
27223,1
27224,1
27225,1
27226,0
27227,1
27228,0
27229,0
27230,0
27231,1
27232,1
27233,1
27234,1
27235,1
27236,1
27237,1
27238,1
27239,1
27240,0
27241,0
27242,0
27243,0
27244,0
27245,0
27246,0
27247,0
27248,0
27249,0
27250,0
27251,0
27252,0
27253,0
27254,0
27255,0
27256,0
27257,0
27258,0
27259,0
27260,0
27261,0
27262,0
27263,0
27264,0
27265,0
27266,0
27267,0
27268,0
27269,0
27270,0
27271,0
27272,0
27273,0
27274,0
27275,0
27276,0
27277,0
27278,0
27279,0
27280,0
27281,0
27282,0
27283,0
27284,0
27285,1
27286,1
27287,1
27288,1
27289,0
27290,0
27291,0
27292,0
27293,1
27294,0
27295,0
27296,0
27297,1
27298,1
27299,0
27300,0
27301,0
27302,0
27303,0
27304,1
27305,1
27306,1
27307,1
27308,1
27309,1
27310,0
27311,0
27312,0
27313,0
27314,0
27315,0
27316,0
27317,1
27318,0
27319,0
27320,0
27321,0
27322,0
27323,0
27324,0
27325,0
27326,0
27327,1
27328,1
27329,1
27330,1
27331,1
27332,1
27333,1
27334,0
27335,0
27336,1
27337,0
27338,0
27339,0
27340,1
27341,1
27342,1
27343,1
27344,1
27345,1
27346,1
27347,1
27348,0
27349,0
27350,0
27351,0
27352,0
27353,0
27354,0
27355,0
27356,1
27357,0
27358,0
27359,0
27360,0
27361,0
27362,0
27363,0
27364,0
27365,0
27366,0
27367,0
27368,0
27369,0
27370,0
27371,0
27372,0
27373,0
27374,0
27375,0
27376,0
27377,0
27378,0
27379,0
27380,0
27381,0
27382,0
27383,0
27384,0
27385,0
27386,0
27387,0
27388,0
27389,0
27390,0
27391,0
27392,0
27393,0
27394,1
27395,1
27396,1
27397,1
27398,0
27399,0
27400,0
27401,0
27402,0
27403,0
27404,0
27405,0
27406,0
27407,1
27408,0
27409,0
27410,0
27411,0
27412,0
27413,0
27414,1
27415,1
27416,1
27417,0
27418,1
27419,0
27420,0
27421,0
27422,0
27423,0
27424,0
27425,0
27426,0
27427,1
27428,0
27429,0
27430,0
27431,0
27432,0
27433,0
27434,0
27435,0
27436,0
27437,1
27438,1
27439,1
27440,1
27441,1
27442,1
27443,1
27444,0
27445,0
27446,0
27447,0
27448,0
27449,0
27450,1
27451,1
27452,1
27453,1
27454,1
27455,1
27456,1
27457,1
27458,0
27459,0
27460,0
27461,0
27462,0
27463,0
27464,0
27465,0
27466,0
27467,0
27468,0
27469,0
27470,0
27471,0
27472,0
27473,0
27474,0
27475,0
27476,0
27477,0
27478,0
27479,0
27480,0
27481,0
27482,0
27483,0
27484,0
27485,0
27486,0
27487,0
27488,0
27489,0
27490,0
27491,0
27492,0
27493,0
27494,0
27495,0
27496,0
27497,0
27498,0
27499,0
27500,0
27501,0
27502,0
27503,0
27504,1
27505,1
27506,1
27507,1
27508,0
27509,0
27510,0
27511,0
27512,0
27513,0
27514,0
27515,0
27516,0
27517,0
27518,0
27519,0
27520,0
27521,0
27522,0
27523,1
27524,1
27525,1
27526,0
27527,0
27528,0
27529,0
27530,0
27531,0
27532,0
27533,0
27534,0
27535,0
27536,1
27537,0
27538,0
27539,0
27540,0
27541,0
27542,0
27543,0
27544,1
27545,0
27546,0
27547,1
27548,1
27549,1
27550,1
27551,1
27552,1
27553,0
27554,0
27555,0
27556,0
27557,0
27558,0
27559,1
27560,1
27561,1
27562,1
27563,1
27564,1
27565,1
27566,1
27567,0
27568,0
27569,0
27570,0
27571,0
27572,0
27573,0
27574,1
27575,1
27576,0
27577,0
27578,0
27579,0
27580,0
27581,0
27582,0
27583,0
27584,0
27585,0
27586,0
27587,0
27588,0
27589,0
27590,0
27591,0
27592,0
27593,0
27594,0
27595,0
27596,0
27597,0
27598,0
27599,0
27600,0
27601,0
27602,0
27603,0
27604,0
27605,0
27606,0
27607,0
27608,0
27609,0
27610,0
27611,0
27612,0
27613,0
27614,1
27615,1
27616,1
27617,1
27618,0
27619,0
27620,0
27621,0
27622,0
27623,0
27624,0
27625,0
27626,0
27627,0
27628,0
27629,0
27630,0
27631,0
27632,0
27633,0
27634,0
27635,0
27636,0
27637,0
27638,0
27639,0
27640,0
27641,0
27642,0
27643,0
27644,0
27645,0
27646,0
27647,1
27648,0
27649,0
27650,0
27651,0
27652,0
27653,0
27654,0
27655,0
27656,0
27657,0
27658,1
27659,1
27660,1
27661,1
27662,1
27663,1
27664,0
27665,0
27666,0
27667,0
27668,0
27669,0
27670,1
27671,1
27672,1
27673,1
27674,1
27675,1
27676,1
27677,0
27678,0
27679,0
27680,0
27681,0
27682,0
27683,0
27684,0
27685,0
27686,0
27687,0
27688,0
27689,0
27690,0
27691,0
27692,0
27693,0
27694,0
27695,0
27696,0
27697,0
27698,0
27699,0
27700,0
27701,0
27702,0
27703,0
27704,0
27705,0
27706,0
27707,0
27708,0
27709,0
27710,0
27711,0
27712,0
27713,0
27714,0
27715,0
27716,0
27717,0
27718,0
27719,0
27720,0
27721,0
27722,0
27723,0
27724,0
27725,0
27726,1
27727,1
27728,1
27729,1
27730,0
27731,0
27732,0
27733,0
27734,0
27735,0
27736,0
27737,0
27738,0
27739,0
27740,0
27741,0
27742,0
27743,0
27744,0
27745,0
27746,0
27747,0
27748,0
27749,0
27750,0
27751,0
27752,0
27753,0
27754,0
27755,0
27756,0
27757,0
27758,1
27759,0
27760,0
27761,0
27762,0
27763,0
27764,0
27765,0
27766,1
27767,0
27768,0
27769,0
27770,1
27771,1
27772,1
27773,1
27774,1
27775,0
27776,0
27777,1
27778,0
27779,0
27780,0
27781,0
27782,1
27783,1
27784,1
27785,1
27786,1
27787,1
27788,0
27789,0
27790,0
27791,0
27792,0
27793,0
27794,0
27795,0
27796,1
27797,0
27798,0
27799,0
27800,0
27801,0
27802,0
27803,0
27804,0
27805,0
27806,0
27807,0
27808,0
27809,0
27810,0
27811,0
27812,0
27813,0
27814,0
27815,0
27816,0
27817,0
27818,0
27819,0
27820,0
27821,0
27822,0
27823,0
27824,0
27825,0
27826,0
27827,0
27828,0
27829,0
27830,0
27831,0
27832,0
27833,0
27834,0
27835,0
27836,1
27837,1
27838,1
27839,1
27840,0
27841,0
27842,0
27843,0
27844,0
27845,0
27846,0
27847,0
27848,0
27849,0
27850,0
27851,0
27852,0
27853,0
27854,0
27855,0
27856,0
27857,0
27858,0
27859,0
27860,0
27861,0
27862,0
27863,0
27864,0
27865,0
27866,0
27867,0
27868,1
27869,0
27870,0
27871,0
27872,0
27873,0
27874,0
27875,0
27876,0
27877,0
27878,0
27879,0
27880,1
27881,1
27882,1
27883,1
27884,1
27885,0
27886,1
27887,0
27888,0
27889,0
27890,0
27891,1
27892,1
27893,1
27894,1
27895,1
27896,0
27897,0
27898,0
27899,1
27900,1
27901,0
27902,0
27903,0
27904,0
27905,0
27906,0
27907,0
27908,0
27909,0
27910,0
27911,0
27912,0
27913,0
27914,0
27915,0
27916,0
27917,0
27918,0
27919,0
27920,0
27921,0
27922,0
27923,0
27924,0
27925,0
27926,0
27927,0
27928,0
27929,0
27930,0
27931,0
27932,0
27933,0
27934,0
27935,0
27936,0
27937,0
27938,0
27939,0
27940,0
27941,0
27942,0
27943,0
27944,0
27945,0
27946,0
27947,0
27948,1
27949,1
27950,1
27951,1
27952,0
27953,0
27954,0
27955,1
27956,0
27957,0
27958,0
27959,0
27960,0
27961,0
27962,0
27963,0
27964,0
27965,0
27966,0
27967,0
27968,0
27969,0
27970,0
27971,0
27972,0
27973,0
27974,0
27975,0
27976,0
27977,0
27978,0
27979,1
27980,0
27981,0
27982,0
27983,0
27984,0
27985,0
27986,0
27987,0
27988,0
27989,0
27990,0
27991,0
27992,1
27993,0
27994,1
27995,1
27996,0
27997,0
27998,1
27999,0
28000,0
28001,0
28002,0
28003,1
28004,1
28005,1
28006,1
28007,0
28008,0
28009,0
28010,0
28011,1
28012,1
28013,0
28014,0
28015,0
28016,0
28017,0
28018,1
28019,0
28020,0
28021,0
28022,0
28023,0
28024,0
28025,0
28026,0
28027,0
28028,0
28029,0
28030,0
28031,0
28032,0
28033,0
28034,0
28035,0
28036,0
28037,0
28038,0
28039,0
28040,0
28041,0
28042,0
28043,0
28044,0
28045,0
28046,0
28047,0
28048,0
28049,0
28050,0
28051,0
28052,0
28053,0
28054,0
28055,0
28056,0
28057,0
28058,0
28059,0
28060,1
28061,1
28062,1
28063,1
28064,0
28065,0
28066,0
28067,1
28068,1
28069,0
28070,0
28071,0
28072,0
28073,0
28074,0
28075,0
28076,0
28077,0
28078,0
28079,0
28080,0
28081,0
28082,0
28083,0
28084,0
28085,0
28086,0
28087,0
28088,0
28089,0
28090,0
28091,0
28092,1
28093,0
28094,0
28095,0
28096,0
28097,0
28098,0
28099,0
28100,0
28101,0
28102,0
28103,0
28104,0
28105,0
28106,0
28107,1
28108,1
28109,0
28110,1
28111,1
28112,0
28113,0
28114,0
28115,1
28116,1
28117,1
28118,1
28119,1
28120,0
28121,0
28122,0
28123,1
28124,1
28125,1
28126,1
28127,0
28128,0
28129,0
28130,0
28131,0
28132,0
28133,0
28134,0
28135,0
28136,0
28137,0
28138,0
28139,0
28140,0
28141,0
28142,0
28143,0
28144,0
28145,0
28146,0
28147,0
28148,0
28149,0
28150,0
28151,0
28152,0
28153,0
28154,0
28155,0
28156,0
28157,0
28158,0
28159,0
28160,0
28161,0
28162,0
28163,0
28164,0
28165,0
28166,0
28167,0
28168,0
28169,0
28170,0
28171,0
28172,0
28173,1
28174,1
28175,1
28176,1
28177,0
28178,0
28179,0
28180,0
28181,1
28182,0
28183,0
28184,0
28185,0
28186,0
28187,0
28188,0
28189,0
28190,0
28191,0
28192,0
28193,0
28194,0
28195,0
28196,0
28197,0
28198,0
28199,0
28200,0
28201,0
28202,0
28203,1
28204,0
28205,0
28206,0
28207,0
28208,0
28209,0
28210,0
28211,0
28212,0
28213,0
28214,0
28215,0
28216,0
28217,0
28218,0
28219,1
28220,1
28221,1
28222,1
28223,1
28224,0
28225,0
28226,0
28227,1
28228,1
28229,1
28230,1
28231,0
28232,0
28233,0
28234,0
28235,1
28236,1
28237,1
28238,0
28239,0
28240,0
28241,0
28242,0
28243,0
28244,0
28245,0
28246,0
28247,0
28248,0
28249,0
28250,0
28251,0
28252,0
28253,0
28254,0
28255,0
28256,0
28257,0
28258,0
28259,0
28260,0
28261,0
28262,0
28263,0
28264,0
28265,0
28266,0
28267,0
28268,0
28269,0
28270,0
28271,0
28272,0
28273,0
28274,0
28275,0
28276,0
28277,0
28278,0
28279,0
28280,0
28281,0
28282,0
28283,0
28284,0
28285,1
28286,1
28287,1
28288,0
28289,0
28290,0
28291,0
28292,0
28293,1
28294,0
28295,0
28296,0
28297,0
28298,0
28299,0
28300,0
28301,0
28302,0
28303,0
28304,0
28305,0
28306,0
28307,0
28308,0
28309,0
28310,0
28311,0
28312,1
28313,1
28314,0
28315,0
28316,0
28317,0
28318,0
28319,0
28320,0
28321,0
28322,0
28323,0
28324,0
28325,0
28326,0
28327,0
28328,0
28329,1
28330,1
28331,1
28332,1
28333,0
28334,0
28335,0
28336,0
28337,1
28338,1
28339,1
28340,1
28341,0
28342,0
28343,0
28344,1
28345,1
28346,1
28347,1
28348,0
28349,0
28350,0
28351,0
28352,0
28353,0
28354,0
28355,0
28356,0
28357,0
28358,0
28359,0
28360,0
28361,0
28362,0
28363,0
28364,0
28365,0
28366,0
28367,0
28368,0
28369,0
28370,0
28371,0
28372,0
28373,0
28374,0
28375,0
28376,0
28377,0
28378,0
28379,0
28380,0
28381,0
28382,0
28383,0
28384,0
28385,0
28386,0
28387,0
28388,0
28389,0
28390,0
28391,0
28392,0
28393,0
28394,0
28395,0
28396,0
28397,1
28398,1
28399,1
28400,0
28401,0
28402,0
28403,0
28404,0
28405,0
28406,0
28407,0
28408,0
28409,0
28410,0
28411,0
28412,0
28413,0
28414,0
28415,0
28416,0
28417,0
28418,0
28419,0
28420,0
28421,0
28422,0
28423,1
28424,1
28425,0
28426,0
28427,0
28428,0
28429,0
28430,0
28431,0
28432,0
28433,0
28434,0
28435,0
28436,0
28437,0
28438,0
28439,0
28440,0
28441,1
28442,1
28443,1
28444,1
28445,0
28446,0
28447,0
28448,1
28449,1
28450,1
28451,1
28452,0
28453,0
28454,1
28455,1
28456,1
28457,1
28458,1
28459,0
28460,0
28461,0
28462,0
28463,0
28464,0
28465,0
28466,0
28467,0
28468,0
28469,0
28470,0
28471,0
28472,0
28473,0
28474,0
28475,0
28476,0
28477,0
28478,0
28479,0
28480,0
28481,0
28482,0
28483,0
28484,0
28485,0
28486,0
28487,0
28488,0
28489,0
28490,0
28491,0
28492,0
28493,0
28494,0
28495,0
28496,0
28497,0
28498,0
28499,0
28500,0
28501,0
28502,0
28503,0
28504,0
28505,0
28506,0
28507,1
28508,1
28509,1
28510,0
28511,0
28512,0
28513,0
28514,0
28515,0
28516,0
28517,0
28518,0
28519,0
28520,0
28521,0
28522,0
28523,0
28524,0
28525,0
28526,0
28527,0
28528,0
28529,0
28530,0
28531,0
28532,0
28533,1
28534,1
28535,1
28536,0
28537,0
28538,0
28539,0
28540,0
28541,0
28542,0
28543,0
28544,0
28545,0
28546,0
28547,0
28548,0
28549,0
28550,0
28551,1
28552,1
28553,1
28554,1
28555,0
28556,0
28557,0
28558,0
28559,1
28560,1
28561,1
28562,0
28563,0
28564,0
28565,1
28566,1
28567,1
28568,1
28569,1
28570,0
28571,1
28572,0
28573,0
28574,0
28575,0
28576,0
28577,0
28578,0
28579,0
28580,0
28581,0
28582,0
28583,0
28584,0
28585,0
28586,0
28587,0
28588,0
28589,0
28590,0
28591,0
28592,0
28593,0
28594,0
28595,0
28596,0
28597,0
28598,0
28599,0
28600,0
28601,0
28602,0
28603,0
28604,0
28605,0
28606,0
28607,0
28608,0
28609,0
28610,0
28611,0
28612,0
28613,0
28614,0
28615,0
28616,0
28617,0
28618,0
28619,1
28620,1
28621,1
28622,0
28623,0
28624,0
28625,0
28626,0
28627,0
28628,0
28629,0
28630,0
28631,0
28632,0
28633,0
28634,0
28635,0
28636,0
28637,0
28638,0
28639,0
28640,0
28641,0
28642,0
28643,0
28644,1
28645,1
28646,1
28647,0
28648,0
28649,0
28650,0
28651,0
28652,0
28653,0
28654,0
28655,0
28656,0
28657,0
28658,0
28659,0
28660,0
28661,0
28662,0
28663,1
28664,1
28665,1
28666,0
28667,0
28668,0
28669,0
28670,1
28671,0
28672,1
28673,0
28674,0
28675,0
28676,1
28677,1
28678,1
28679,1
28680,1
28681,0
28682,0
28683,1
28684,0
28685,0
28686,0
28687,0
28688,0
28689,0
28690,0
28691,0
28692,0
28693,0
28694,0
28695,0
28696,0
28697,0
28698,0
28699,0
28700,0
28701,0
28702,0
28703,0
28704,0
28705,0
28706,0
28707,0
28708,0
28709,0
28710,0
28711,0
28712,0
28713,0
28714,0
28715,0
28716,0
28717,0
28718,0
28719,0
28720,0
28721,0
28722,0
28723,0
28724,0
28725,0
28726,0
28727,0
28728,0
28729,0
28730,1
28731,1
28732,1
28733,0
28734,0
28735,0
28736,0
28737,0
28738,0
28739,0
28740,0
28741,0
28742,0
28743,0
28744,0
28745,0
28746,0
28747,0
28748,0
28749,0
28750,0
28751,0
28752,0
28753,0
28754,0
28755,0
28756,1
28757,1
28758,1
28759,1
28760,0
28761,0
28762,0
28763,0
28764,0
28765,0
28766,0
28767,0
28768,0
28769,0
28770,0
28771,0
28772,0
28773,0
28774,0
28775,1
28776,1
28777,1
28778,0
28779,0
28780,0
28781,0
28782,0
28783,0
28784,1
28785,1
28786,0
28787,0
28788,0
28789,1
28790,1
28791,1
28792,1
28793,1
28794,0
28795,0
28796,0
28797,1
28798,0
28799,0
28800,1
28801,0
28802,0
28803,0
28804,0
28805,0
28806,1
28807,0
28808,0
28809,0
28810,0
28811,0
28812,0
28813,0
28814,0
28815,0
28816,0
28817,0
28818,0
28819,0
28820,0
28821,0
28822,0
28823,0
28824,0
28825,0
28826,0
28827,0
28828,0
28829,0
28830,0
28831,0
28832,0
28833,0
28834,0
28835,0
28836,1
28837,0
28838,0
28839,0
28840,0
28841,0
28842,0
28843,1
28844,1
28845,1
28846,0
28847,0
28848,0
28849,0
28850,0
28851,0
28852,0
28853,0
28854,0
28855,0
28856,0
28857,0
28858,0
28859,0
28860,0
28861,0
28862,0
28863,0
28864,0
28865,0
28866,0
28867,1
28868,1
28869,1
28870,1
28871,0
28872,0
28873,0
28874,0
28875,0
28876,0
28877,0
28878,0
28879,0
28880,0
28881,0
28882,0
28883,0
28884,0
28885,0
28886,0
28887,1
28888,1
28889,0
28890,0
28891,0
28892,0
28893,0
28894,0
28895,0
28896,1
28897,0
28898,0
28899,0
28900,0
28901,1
28902,1
28903,1
28904,1
28905,0
28906,0
28907,0
28908,0
28909,0
28910,1
28911,0
28912,0
28913,0
28914,0
28915,0
28916,0
28917,1
28918,1
28919,0
28920,0
28921,0
28922,0
28923,0
28924,0
28925,0
28926,0
28927,0
28928,0
28929,0
28930,0
28931,0
28932,0
28933,0
28934,0
28935,0
28936,0
28937,0
28938,0
28939,0
28940,0
28941,0
28942,0
28943,0
28944,0
28945,0
28946,0
28947,0
28948,0
28949,1
28950,1
28951,0
28952,0
28953,0
28954,0
28955,0
28956,0
28957,1
28958,1
28959,0
28960,0
28961,0
28962,0
28963,0
28964,0
28965,0
28966,0
28967,0
28968,0
28969,0
28970,0
28971,0
28972,0
28973,0
28974,0
28975,0
28976,0
28977,0
28978,0
28979,0
28980,0
28981,1
28982,1
28983,1
28984,1
28985,0
28986,0
28987,0
28988,0
28989,0
28990,0
28991,0
28992,0
28993,0
28994,0
28995,0
28996,0
28997,0
28998,0
28999,0
29000,1
29001,1
29002,1
29003,0
29004,0
29005,0
29006,0
29007,0
29008,0
29009,0
29010,0
29011,0
29012,0
29013,0
29014,1
29015,1
29016,1
29017,1
29018,0
29019,0
29020,0
29021,0
29022,0
29023,0
29024,0
29025,0
29026,0
29027,0
29028,0
29029,0
29030,1
29031,1
29032,0
29033,0
29034,0
29035,0
29036,0
29037,0
29038,0
29039,0
29040,0
29041,0
29042,0
29043,0
29044,0
29045,0
29046,0
29047,0
29048,0
29049,0
29050,0
29051,0
29052,0
29053,0
29054,0
29055,0
29056,0
29057,0
29058,0
29059,0
29060,0
29061,1
29062,1
29063,0
29064,0
29065,0
29066,0
29067,0
29068,0
29069,0
29070,1
29071,1
29072,0
29073,0
29074,0
29075,0
29076,0
29077,0
29078,0
29079,0
29080,0
29081,0
29082,0
29083,0
29084,0
29085,0
29086,0
29087,0
29088,0
29089,0
29090,0
29091,0
29092,0
29093,1
29094,1
29095,1
29096,1
29097,0
29098,0
29099,0
29100,0
29101,0
29102,0
29103,0
29104,0
29105,0
29106,0
29107,0
29108,0
29109,0
29110,0
29111,0
29112,0
29113,1
29114,1
29115,0
29116,0
29117,0
29118,0
29119,0
29120,0
29121,0
29122,0
29123,0
29124,0
29125,0
29126,0
29127,1
29128,1
29129,1
29130,1
29131,0
29132,0
29133,0
29134,0
29135,0
29136,0
29137,0
29138,0
29139,0
29140,0
29141,0
29142,1
29143,1
29144,1
29145,0
29146,0
29147,0
29148,0
29149,0
29150,0
29151,0
29152,0
29153,0
29154,0
29155,0
29156,0
29157,0
29158,0
29159,0
29160,0
29161,0
29162,0
29163,0
29164,0
29165,0
29166,0
29167,0
29168,0
29169,0
29170,0
29171,0
29172,0
29173,0
29174,0
29175,1
29176,1
29177,0
29178,0
29179,0
29180,0
29181,0
29182,1
29183,1
29184,1
29185,0
29186,0
29187,0
29188,0
29189,0
29190,0
29191,0
29192,0
29193,0
29194,0
29195,0
29196,0
29197,0
29198,0
29199,0
29200,0
29201,0
29202,0
29203,0
29204,0
29205,1
29206,1
29207,1
29208,1
29209,1
29210,0
29211,0
29212,0
29213,0
29214,0
29215,0
29216,0
29217,0
29218,0
29219,0
29220,0
29221,0
29222,0
29223,0
29224,0
29225,0
29226,1
29227,0
29228,0
29229,0
29230,0
29231,0
29232,0
29233,0
29234,0
29235,0
29236,0
29237,0
29238,0
29239,1
29240,1
29241,1
29242,1
29243,0
29244,0
29245,0
29246,0
29247,0
29248,1
29249,0
29250,0
29251,0
29252,0
29253,0
29254,0
29255,1
29256,1
29257,1
29258,0
29259,0
29260,1
29261,0
29262,0
29263,0
29264,0
29265,0
29266,0
29267,0
29268,0
29269,0
29270,0
29271,0
29272,0
29273,0
29274,0
29275,0
29276,0
29277,0
29278,0
29279,0
29280,0
29281,0
29282,0
29283,0
29284,0
29285,0
29286,0
29287,1
29288,1
29289,1
29290,0
29291,0
29292,0
29293,0
29294,0
29295,0
29296,1
29297,1
29298,0
29299,0
29300,0
29301,0
29302,0
29303,0
29304,0
29305,0
29306,0
29307,0
29308,0
29309,0
29310,0
29311,0
29312,0
29313,0
29314,0
29315,0
29316,0
29317,0
29318,1
29319,1
29320,1
29321,1
29322,1
29323,0
29324,0
29325,0
29326,0
29327,0
29328,0
29329,0
29330,0
29331,0
29332,0
29333,0
29334,0
29335,0
29336,0
29337,0
29338,0
29339,0
29340,0
29341,0
29342,0
29343,0
29344,0
29345,0
29346,0
29347,0
29348,0
29349,0
29350,0
29351,0
29352,0
29353,1
29354,1
29355,1
29356,0
29357,0
29358,1
29359,0
29360,0
29361,0
29362,1
29363,0
29364,0
29365,0
29366,0
29367,0
29368,1
29369,1
29370,1
29371,0
29372,0
29373,0
29374,0
29375,0
29376,0
29377,0
29378,0
29379,0
29380,0
29381,0
29382,0
29383,0
29384,0
29385,0
29386,0
29387,0
29388,0
29389,0
29390,0
29391,0
29392,0
29393,0
29394,0
29395,0
29396,0
29397,0
29398,0
29399,0
29400,0
29401,1
29402,1
29403,1
29404,0
29405,0
29406,0
29407,0
29408,0
29409,1
29410,1
29411,0
29412,0
29413,0
29414,0
29415,0
29416,0
29417,0
29418,0
29419,0
29420,0
29421,0
29422,0
29423,0
29424,0
29425,0
29426,0
29427,0
29428,0
29429,0
29430,1
29431,1
29432,1
29433,1
29434,1
29435,1
29436,0
29437,0
29438,0
29439,0
29440,0
29441,0
29442,0
29443,0
29444,0
29445,0
29446,0
29447,0
29448,0
29449,0
29450,0
29451,0
29452,0
29453,0
29454,0
29455,0
29456,0
29457,0
29458,0
29459,0
29460,0
29461,0
29462,0
29463,0
29464,0
29465,0
29466,1
29467,1
29468,0
29469,0
29470,1
29471,1
29472,0
29473,0
29474,1
29475,0
29476,0
29477,0
29478,0
29479,0
29480,1
29481,1
29482,1
29483,1
29484,0
29485,0
29486,0
29487,0
29488,0
29489,0
29490,0
29491,0
29492,0
29493,0
29494,0
29495,0
29496,0
29497,0
29498,0
29499,0
29500,0
29501,0
29502,0
29503,0
29504,0
29505,0
29506,0
29507,0
29508,0
29509,0
29510,0
29511,0
29512,0
29513,0
29514,1
29515,1
29516,1
29517,0
29518,0
29519,0
29520,0
29521,0
29522,0
29523,0
29524,0
29525,1
29526,1
29527,1
29528,0
29529,0
29530,0
29531,0
29532,0
29533,0
29534,0
29535,0
29536,0
29537,0
29538,0
29539,0
29540,0
29541,0
29542,0
29543,0
29544,0
29545,0
29546,0
29547,1
29548,1
29549,1
29550,1
29551,1
29552,0
29553,0
29554,0
29555,0
29556,0
29557,0
29558,0
29559,0
29560,0
29561,0
29562,0
29563,0
29564,0
29565,0
29566,0
29567,0
29568,0
29569,0
29570,0
29571,0
29572,0
29573,0
29574,0
29575,0
29576,0
29577,0
29578,0
29579,0
29580,0
29581,0
29582,0
29583,0
29584,0
29585,0
29586,0
29587,1
29588,1
29589,0
29590,0
29591,0
29592,0
29593,0
29594,0
29595,0
29596,1
29597,1
29598,1
29599,1
29600,1
29601,0
29602,0
29603,0
29604,0
29605,0
29606,0
29607,0
29608,0
29609,0
29610,0
29611,0
29612,0
29613,0
29614,0
29615,0
29616,0
29617,0
29618,0
29619,0
29620,0
29621,0
29622,0
29623,0
29624,0
29625,0
29626,0
29627,0
29628,0
29629,0
29630,0
29631,1
29632,1
29633,1
29634,1
29635,0
29636,0
29637,0
29638,0
29639,0
29640,0
29641,0
29642,0
29643,0
29644,0
29645,0
29646,0
29647,1
29648,1
29649,1
29650,0
29651,0
29652,0
29653,0
29654,0
29655,0
29656,0
29657,0
29658,0
29659,0
29660,0
29661,0
29662,0
29663,0
29664,0
29665,0
29666,0
29667,1
29668,1
29669,1
29670,1
29671,1
29672,1
29673,0
29674,0
29675,0
29676,0
29677,0
29678,1
29679,0
29680,0
29681,0
29682,0
29683,0
29684,0
29685,0
29686,1
29687,0
29688,0
29689,0
29690,0
29691,0
29692,0
29693,0
29694,0
29695,0
29696,0
29697,0
29698,0
29699,0
29700,0
29701,0
29702,0
29703,0
29704,0
29705,0
29706,0
29707,1
29708,1
29709,1
29710,0
29711,0
29712,0
29713,0
29714,0
29715,0
29716,0
29717,1
29718,1
29719,1
29720,1
29721,1
29722,0
29723,0
29724,0
29725,0
29726,0
29727,0
29728,0
29729,0
29730,0
29731,0
29732,0
29733,0
29734,0
29735,0
29736,0
29737,0
29738,0
29739,0
29740,0
29741,0
29742,0
29743,0
29744,0
29745,0
29746,0
29747,0
29748,0
29749,0
29750,0
29751,1
29752,1
29753,1
29754,1
29755,0
29756,0
29757,0
29758,0
29759,0
29760,0
29761,0
29762,0
29763,0
29764,0
29765,0
29766,0
29767,0
29768,1
29769,1
29770,1
29771,0
29772,0
29773,0
29774,0
29775,0
29776,0
29777,0
29778,0
29779,0
29780,0
29781,0
29782,0
29783,0
29784,0
29785,0
29786,0
29787,0
29788,0
29789,1
29790,1
29791,1
29792,1
29793,1
29794,1
29795,0
29796,0
29797,0
29798,0
29799,0
29800,0
29801,0
29802,0
29803,0
29804,0
29805,0
29806,0
29807,1
29808,0
29809,0
29810,0
29811,0
29812,0
29813,0
29814,0
29815,0
29816,0
29817,0
29818,0
29819,0
29820,0
29821,0
29822,0
29823,0
29824,0
29825,0
29826,0
29827,0
29828,0
29829,1
29830,1
29831,0
29832,0
29833,0
29834,0
29835,0
29836,0
29837,0
29838,1
29839,1
29840,1
29841,1
29842,1
29843,1
29844,0
29845,0
29846,0
29847,0
29848,0
29849,0
29850,0
29851,0
29852,0
29853,0
29854,0
29855,0
29856,0
29857,0
29858,0
29859,0
29860,0
29861,0
29862,0
29863,0
29864,0
29865,0
29866,0
29867,0
29868,0
29869,0
29870,0
29871,0
29872,0
29873,0
29874,1
29875,1
29876,1
29877,1
29878,0
29879,0
29880,0
29881,0
29882,0
29883,0
29884,0
29885,0
29886,0
29887,0
29888,0
29889,0
29890,0
29891,1
29892,1
29893,1
29894,0
29895,0
29896,0
29897,0
29898,0
29899,0
29900,1
29901,0
29902,0
29903,0
29904,0
29905,0
29906,0
29907,0
29908,0
29909,0
29910,0
29911,1
29912,1
29913,1
29914,1
29915,1
29916,1
29917,0
29918,0
29919,0
29920,0
29921,0
29922,0
29923,0
29924,0
29925,0
29926,0
29927,0
29928,0
29929,0
29930,0
29931,0
29932,0
29933,0
29934,0
29935,0
29936,0
29937,0
29938,0
29939,0
29940,0
29941,0
29942,0
29943,0
29944,0
29945,0
29946,0
29947,0
29948,0
29949,0
29950,0
29951,1
29952,1
29953,1
29954,0
29955,1
29956,0
29957,0
29958,0
29959,0
29960,0
29961,1
29962,1
29963,1
29964,1
29965,1
29966,0
29967,0
29968,0
29969,0
29970,0
29971,0
29972,0
29973,0
29974,0
29975,0
29976,0
29977,0
29978,0
29979,0
29980,0
29981,0
29982,0
29983,0
29984,0
29985,0
29986,0
29987,0
29988,0
29989,0
29990,0
29991,0
29992,0
29993,0
29994,0
29995,0
29996,1
29997,1
29998,1
29999,1
30000,1
30001,0
30002,0
30003,0
30004,0
30005,0
30006,0
30007,0
30008,0
30009,0
30010,0
30011,0
30012,0
30013,0
30014,0
30015,1
30016,1
30017,0
30018,0
30019,0
30020,0
30021,0
30022,0
30023,0
30024,0
30025,0
30026,0
30027,0
30028,0
30029,0
30030,0
30031,0
30032,0
30033,0
30034,0
30035,1
30036,1
30037,1
30038,1
30039,1
30040,1
30041,0
30042,0
30043,0
30044,0
30045,0
30046,0
30047,0
30048,0
30049,0
30050,0
30051,0
30052,0
30053,0
30054,0
30055,0
30056,0
30057,0
30058,0
30059,0
30060,0
30061,0
30062,0
30063,0
30064,0
30065,0
30066,0
30067,0
30068,0
30069,0
30070,0
30071,0
30072,0
30073,0
30074,0
30075,1
30076,1
30077,0
30078,0
30079,0
30080,0
30081,0
30082,0
30083,0
30084,1
30085,1
30086,1
30087,1
30088,1
30089,1
30090,0
30091,0
30092,0
30093,0
30094,0
30095,0
30096,0
30097,0
30098,0
30099,0
30100,0
30101,0
30102,0
30103,0
30104,0
30105,0
30106,0
30107,0
30108,0
30109,0
30110,0
30111,0
30112,0
30113,0
30114,0
30115,0
30116,0
30117,0
30118,0
30119,0
30120,1
30121,1
30122,1
30123,1
30124,1
30125,0
30126,0
30127,0
30128,0
30129,0
30130,0
30131,0
30132,0
30133,0
30134,0
30135,0
30136,0
30137,0
30138,1
30139,1
30140,1
30141,0
30142,0
30143,0
30144,0
30145,0
30146,0
30147,1
30148,0
30149,0
30150,0
30151,0
30152,0
30153,0
30154,0
30155,0
30156,0
30157,1
30158,1
30159,1
30160,1
30161,1
30162,1
30163,0
30164,0
30165,0
30166,0
30167,0
30168,0
30169,0
30170,0
30171,0
30172,0
30173,0
30174,0
30175,0
30176,0
30177,0
30178,0
30179,0
30180,0
30181,0
30182,0
30183,0
30184,0
30185,0
30186,0
30187,0
30188,0
30189,1
30190,0
30191,0
30192,0
30193,0
30194,0
30195,0
30196,0
30197,1
30198,1
30199,1
30200,0
30201,0
30202,0
30203,0
30204,0
30205,0
30206,1
30207,1
30208,1
30209,1
30210,1
30211,1
30212,1
30213,0
30214,0
30215,0
30216,0
30217,0
30218,0
30219,0
30220,0
30221,0
30222,0
30223,0
30224,0
30225,0
30226,0
30227,0
30228,0
30229,0
30230,0
30231,0
30232,0
30233,0
30234,0
30235,0
30236,0
30237,0
30238,0
30239,0
30240,0
30241,0
30242,0
30243,0
30244,1
30245,1
30246,1
30247,1
30248,1
30249,0
30250,0
30251,0
30252,0
30253,0
30254,0
30255,0
30256,0
30257,0
30258,0
30259,0
30260,0
30261,0
30262,1
30263,1
30264,0
30265,0
30266,0
30267,0
30268,0
30269,0
30270,1
30271,0
30272,0
30273,0
30274,0
30275,0
30276,0
30277,0
30278,0
30279,0
30280,0
30281,1
30282,1
30283,1
30284,1
30285,1
30286,1
30287,0
30288,0
30289,0
30290,0
30291,0
30292,0
30293,0
30294,0
30295,0
30296,0
30297,0
30298,0
30299,0
30300,0
30301,0
30302,0
30303,0
30304,0
30305,0
30306,0
30307,0
30308,0
30309,0
30310,0
30311,0
30312,0
30313,1
30314,0
30315,0
30316,0
30317,0
30318,0
30319,0
30320,0
30321,1
30322,1
30323,0
30324,0
30325,0
30326,0
30327,0
30328,0
30329,0
30330,1
30331,1
30332,1
30333,1
30334,1
30335,1
30336,1
30337,0
30338,0
30339,0
30340,0
30341,0
30342,0
30343,0
30344,0
30345,0
30346,0
30347,0
30348,0
30349,0
30350,0
30351,0
30352,0
30353,0
30354,0
30355,0
30356,0
30357,0
30358,0
30359,0
30360,0
30361,0
30362,0
30363,0
30364,0
30365,0
30366,0
30367,1
30368,1
30369,1
30370,1
30371,1
30372,0
30373,0
30374,0
30375,0
30376,1
30377,1
30378,0
30379,0
30380,0
30381,0
30382,0
30383,0
30384,0
30385,1
30386,1
30387,0
30388,0
30389,0
30390,0
30391,0
30392,1
30393,1
30394,0
30395,0
30396,0
30397,0
30398,0
30399,0
30400,0
30401,0
30402,1
30403,1
30404,1
30405,1
30406,1
30407,1
30408,0
30409,0
30410,0
30411,0
30412,0
30413,0
30414,0
30415,0
30416,0
30417,0
30418,0
30419,0
30420,0
30421,0
30422,0
30423,0
30424,0
30425,0
30426,0
30427,0
30428,0
30429,0
30430,0
30431,0
30432,0
30433,0
30434,0
30435,0
30436,0
30437,0
30438,0
30439,0
30440,0
30441,0
30442,1
30443,1
30444,1
30445,0
30446,0
30447,0
30448,0
30449,0
30450,0
30451,1
30452,1
30453,1
30454,1
30455,1
30456,1
30457,1
30458,0
30459,0
30460,1
30461,0
30462,0
30463,0
30464,0
30465,0
30466,0
30467,0
30468,0
30469,0
30470,0
30471,0
30472,0
30473,0
30474,0
30475,0
30476,0
30477,0
30478,0
30479,0
30480,0
30481,0
30482,0
30483,0
30484,0
30485,0
30486,0
30487,0
30488,0
30489,1
30490,1
30491,1
30492,1
30493,1
30494,1
30495,0
30496,0
30497,1
30498,1
30499,1
30500,0
30501,0
30502,0
30503,0
30504,0
30505,0
30506,0
30507,1
30508,1
30509,0
30510,0
30511,0
30512,0
30513,0
30514,0
30515,1
30516,1
30517,0
30518,0
30519,0
30520,0
30521,0
30522,0
30523,0
30524,0
30525,0
30526,1
30527,1
30528,1
30529,1
30530,1
30531,1
30532,0
30533,0
30534,0
30535,0
30536,0
30537,0
30538,0
30539,0
30540,0
30541,0
30542,0
30543,0
30544,0
30545,0
30546,0
30547,0
30548,0
30549,0
30550,0
30551,0
30552,0
30553,0
30554,0
30555,0
30556,0
30557,0
30558,0
30559,0
30560,0
30561,0
30562,0
30563,0
30564,1
30565,0
30566,1
30567,1
30568,0
30569,0
30570,1
30571,0
30572,0
30573,0
30574,0
30575,1
30576,1
30577,1
30578,1
30579,1
30580,1
30581,1
30582,0
30583,0
30584,0
30585,0
30586,0
30587,0
30588,0
30589,0
30590,0
30591,0
30592,0
30593,0
30594,0
30595,0
30596,0
30597,0
30598,0
30599,0
30600,0
30601,0
30602,0
30603,0
30604,0
30605,0
30606,0
30607,0
30608,0
30609,0
30610,0
30611,0
30612,0
30613,0
30614,1
30615,1
30616,1
30617,1
30618,1
30619,1
30620,0
30621,1
30622,1
30623,1
30624,1
30625,0
30626,0
30627,0
30628,0
30629,0
30630,0
30631,1
30632,0
30633,0
30634,0
30635,0
30636,0
30637,0
30638,1
30639,1
30640,0
30641,0
30642,0
30643,0
30644,0
30645,0
30646,0
30647,0
30648,1
30649,1
30650,1
30651,1
30652,1
30653,1
30654,0
30655,0
30656,0
30657,0
30658,0
30659,0
30660,0
30661,0
30662,0
30663,1
30664,0
30665,0
30666,0
30667,0
30668,0
30669,0
30670,0
30671,0
30672,0
30673,0
30674,0
30675,0
30676,0
30677,0
30678,0
30679,0
30680,0
30681,0
30682,0
30683,0
30684,0
30685,0
30686,0
30687,0
30688,1
30689,1
30690,1
30691,0
30692,0
30693,1
30694,0
30695,0
30696,0
30697,1
30698,1
30699,1
30700,1
30701,1
30702,1
30703,1
30704,0
30705,0
30706,0
30707,0
30708,0
30709,0
30710,0
30711,0
30712,0
30713,0
30714,0
30715,0
30716,0
30717,0
30718,0
30719,0
30720,0
30721,0
30722,0
30723,0
30724,0
30725,0
30726,0
30727,0
30728,0
30729,0
30730,0
30731,0
30732,0
30733,0
30734,0
30735,0
30736,1
30737,1
30738,1
30739,1
30740,1
30741,1
30742,1
30743,1
30744,1
30745,1
30746,0
30747,0
30748,0
30749,0
30750,0
30751,0
30752,0
30753,1
30754,0
30755,0
30756,0
30757,0
30758,0
30759,0
30760,0
30761,0
30762,0
30763,0
30764,0
30765,0
30766,0
30767,0
30768,0
30769,1
30770,1
30771,1
30772,1
30773,1
30774,1
30775,0
30776,0
30777,0
30778,0
30779,0
30780,0
30781,0
30782,0
30783,1
30784,1
30785,0
30786,0
30787,0
30788,0
30789,0
30790,0
30791,0
30792,0
30793,0
30794,0
30795,0
30796,0
30797,0
30798,0
30799,0
30800,0
30801,0
30802,0
30803,0
30804,0
30805,0
30806,0
30807,1
30808,0
30809,1
30810,1
30811,0
30812,0
30813,1
30814,0
30815,0
30816,0
30817,1
30818,1
30819,1
30820,1
30821,1
30822,1
30823,1
30824,1
30825,0
30826,0
30827,1
30828,0
30829,0
30830,0
30831,0
30832,0
30833,0
30834,0
30835,0
30836,0
30837,0
30838,0
30839,0
30840,0
30841,0
30842,0
30843,0
30844,0
30845,0
30846,0
30847,0
30848,0
30849,0
30850,0
30851,0
30852,0
30853,0
30854,0
30855,0
30856,0
30857,1
30858,1
30859,1
30860,1
30861,1
30862,1
30863,1
30864,1
30865,0
30866,0
30867,1
30868,0
30869,0
30870,0
30871,0
30872,0
30873,0
30874,0
30875,0
30876,0
30877,0
30878,0
30879,0
30880,0
30881,0
30882,0
30883,0
30884,0
30885,0
30886,0
30887,0
30888,0
30889,0
30890,0
30891,1
30892,1
30893,1
30894,1
30895,1
30896,0
30897,0
30898,0
30899,0
30900,0
30901,0
30902,0
30903,0
30904,0
30905,1
30906,0
30907,0
30908,0
30909,0
30910,0
30911,0
30912,0
30913,0
30914,0
30915,0
30916,0
30917,0
30918,0
30919,0
30920,0
30921,0
30922,0
30923,0
30924,0
30925,0
30926,0
30927,0
30928,0
30929,0
30930,1
30931,1
30932,1
30933,0
30934,0
30935,1
30936,0
30937,0
30938,1
30939,1
30940,1
30941,1
30942,1
30943,1
30944,1
30945,1
30946,0
30947,0
30948,0
30949,0
30950,0
30951,0
30952,0
30953,0
30954,0
30955,0
30956,0
30957,0
30958,0
30959,0
30960,0
30961,0
30962,0
30963,0
30964,0
30965,0
30966,0
30967,0
30968,0
30969,0
30970,0
30971,0
30972,0
30973,0
30974,0
30975,0
30976,0
30977,0
30978,0
30979,1
30980,1
30981,1
30982,1
30983,1
30984,1
30985,1
30986,0
30987,0
30988,0
30989,0
30990,0
30991,0
30992,0
30993,0
30994,0
30995,0
30996,0
30997,0
30998,0
30999,0
31000,0
31001,0
31002,0
31003,0
31004,0
31005,0
31006,0
31007,0
31008,0
31009,0
31010,0
31011,1
31012,1
31013,1
31014,1
31015,1
31016,1
31017,0
31018,0
31019,0
31020,0
31021,0
31022,0
31023,0
31024,0
31025,1
31026,1
31027,0
31028,0
31029,0
31030,0
31031,0
31032,0
31033,0
31034,0
31035,0
31036,0
31037,0
31038,0
31039,0
31040,0
31041,0
31042,0
31043,0
31044,0
31045,0
31046,0
31047,0
31048,0
31049,0
31050,0
31051,1
31052,1
31053,1
31054,0
31055,1
31056,1
31057,0
31058,1
31059,1
31060,1
31061,1
31062,1
31063,1
31064,1
31065,1
31066,1
31067,0
31068,0
31069,0
31070,0
31071,0
31072,0
31073,0
31074,0
31075,0
31076,0
31077,0
31078,0
31079,0
31080,0
31081,0
31082,0
31083,0
31084,0
31085,0
31086,0
31087,0
31088,0
31089,0
31090,0
31091,0
31092,0
31093,0
31094,0
31095,0
31096,0
31097,0
31098,0
31099,0
31100,1
31101,1
31102,1
31103,1
31104,1
31105,1
31106,0
31107,0
31108,0
31109,0
31110,0
31111,0
31112,0
31113,0
31114,0
31115,0
31116,0
31117,0
31118,0
31119,0
31120,0
31121,0
31122,0
31123,0
31124,0
31125,0
31126,0
31127,0
31128,0
31129,0
31130,0
31131,1
31132,1
31133,1
31134,1
31135,1
31136,0
31137,0
31138,0
31139,0
31140,0
31141,0
31142,0
31143,0
31144,0
31145,1
31146,0
31147,0
31148,0
31149,0
31150,0
31151,0
31152,0
31153,0
31154,0
31155,0
31156,0
31157,0
31158,0
31159,0
31160,0
31161,0
31162,0
31163,0
31164,0
31165,0
31166,0
31167,0
31168,0
31169,1
31170,1
31171,1
31172,1
31173,1
31174,1
31175,1
31176,1
31177,1
31178,1
31179,1
31180,1
31181,1
31182,1
31183,1
31184,1
31185,1
31186,1
31187,0
31188,0
31189,0
31190,0
31191,0
31192,0
31193,0
31194,0
31195,0
31196,0
31197,0
31198,0
31199,0
31200,0
31201,0
31202,0
31203,0
31204,0
31205,0
31206,0
31207,0
31208,0
31209,0
31210,0
31211,0
31212,0
31213,0
31214,0
31215,0
31216,0
31217,0
31218,0
31219,0
31220,1
31221,1
31222,1
31223,1
31224,0
31225,0
31226,0
31227,0
31228,0
31229,0
31230,0
31231,0
31232,0
31233,0
31234,0
31235,0
31236,0
31237,0
31238,0
31239,0
31240,0
31241,0
31242,0
31243,0
31244,0
31245,0
31246,0
31247,0
31248,0
31249,1
31250,1
31251,1
31252,1
31253,1
31254,1
31255,0
31256,0
31257,0
31258,0
31259,0
31260,0
31261,0
31262,0
31263,1
31264,1
31265,0
31266,0
31267,0
31268,0
31269,0
31270,0
31271,0
31272,0
31273,0
31274,0
31275,0
31276,0
31277,0
31278,0
31279,0
31280,0
31281,0
31282,0
31283,0
31284,0
31285,0
31286,0
31287,0
31288,0
31289,1
31290,1
31291,1
31292,1
31293,1
31294,1
31295,1
31296,1
31297,1
31298,1
31299,1
31300,1
31301,1
31302,1
31303,1
31304,1
31305,0
31306,0
31307,1
31308,0
31309,0
31310,0
31311,0
31312,0
31313,0
31314,0
31315,0
31316,0
31317,0
31318,0
31319,0
31320,0
31321,0
31322,0
31323,0
31324,0
31325,0
31326,0
31327,0
31328,0
31329,0
31330,0
31331,0
31332,0
31333,0
31334,0
31335,0
31336,0
31337,0
31338,1
31339,1
31340,1
31341,1
31342,0
31343,0
31344,0
31345,0
31346,0
31347,0
31348,0
31349,0
31350,0
31351,0
31352,0
31353,0
31354,0
31355,0
31356,0
31357,0
31358,0
31359,0
31360,0
31361,0
31362,0
31363,0
31364,0
31365,0
31366,0
31367,1
31368,1
31369,1
31370,1
31371,1
31372,0
31373,0
31374,0
31375,0
31376,0
31377,0
31378,0
31379,0
31380,0
31381,1
31382,0
31383,0
31384,0
31385,0
31386,0
31387,0
31388,0
31389,0
31390,0
31391,0
31392,0
31393,0
31394,0
31395,0
31396,0
31397,0
31398,0
31399,0
31400,0
31401,0
31402,0
31403,0
31404,0
31405,0
31406,1
31407,1
31408,1
31409,1
31410,1
31411,1
31412,1
31413,1
31414,1
31415,1
31416,1
31417,1
31418,1
31419,1
31420,1
31421,1
31422,1
31423,0
31424,0
31425,0
31426,0
31427,0
31428,0
31429,0
31430,0
31431,0
31432,0
31433,0
31434,0
31435,0
31436,0
31437,0
31438,0
31439,0
31440,0
31441,0
31442,0
31443,0
31444,0
31445,0
31446,0
31447,0
31448,0
31449,0
31450,0
31451,0
31452,0
31453,0
31454,0
31455,0
31456,1
31457,1
31458,1
31459,0
31460,0
31461,0
31462,0
31463,0
31464,0
31465,0
31466,0
31467,0
31468,0
31469,0
31470,0
31471,0
31472,0
31473,0
31474,0
31475,0
31476,0
31477,0
31478,0
31479,0
31480,0
31481,0
31482,0
31483,0
31484,1
31485,1
31486,1
31487,1
31488,0
31489,0
31490,0
31491,0
31492,0
31493,0
31494,0
31495,0
31496,0
31497,0
31498,0
31499,0
31500,0
31501,0
31502,0
31503,0
31504,0
31505,0
31506,0
31507,0
31508,0
31509,0
31510,0
31511,0
31512,0
31513,0
31514,0
31515,0
31516,0
31517,0
31518,0
31519,0
31520,0
31521,0
31522,0
31523,1
31524,1
31525,1
31526,1
31527,1
31528,1
31529,1
31530,1
31531,1
31532,1
31533,1
31534,1
31535,1
31536,1
31537,1
31538,1
31539,1
31540,0
31541,0
31542,0
31543,0
31544,0
31545,0
31546,0
31547,0
31548,0
31549,0
31550,0
31551,0
31552,0
31553,0
31554,0
31555,0
31556,0
31557,0
31558,0
31559,0
31560,0
31561,0
31562,0
31563,0
31564,0
31565,0
31566,0
31567,0
31568,0
31569,0
31570,0
31571,1
31572,1
31573,1
31574,0
31575,0
31576,0
31577,0
31578,0
31579,0
31580,0
31581,0
31582,0
31583,0
31584,0
31585,0
31586,0
31587,0
31588,0
31589,0
31590,0
31591,0
31592,0
31593,0
31594,0
31595,0
31596,1
31597,1
31598,1
31599,1
31600,1
31601,0
31602,0
31603,0
31604,0
31605,0
31606,0
31607,0
31608,0
31609,0
31610,0
31611,0
31612,0
31613,0
31614,0
31615,0
31616,0
31617,0
31618,0
31619,0
31620,0
31621,0
31622,0
31623,0
31624,0
31625,0
31626,0
31627,0
31628,0
31629,0
31630,0
31631,0
31632,0
31633,1
31634,0
31635,1
31636,1
31637,1
31638,1
31639,1
31640,1
31641,1
31642,1
31643,1
31644,1
31645,1
31646,1
31647,1
31648,1
31649,1
31650,0
31651,1
31652,1
31653,0
31654,1
31655,0
31656,0
31657,0
31658,0
31659,0
31660,0
31661,0
31662,0
31663,0
31664,0
31665,0
31666,0
31667,0
31668,0
31669,0
31670,0
31671,0
31672,0
31673,0
31674,0
31675,0
31676,0
31677,0
31678,0
31679,0
31680,0
31681,0
31682,0
31683,0
31684,0
31685,1
31686,1
31687,0
31688,0
31689,0
31690,0
31691,0
31692,0
31693,0
31694,0
31695,0
31696,0
31697,0
31698,0
31699,0
31700,0
31701,0
31702,0
31703,0
31704,0
31705,0
31706,0
31707,0
31708,1
31709,1
31710,1
31711,0
31712,0
31713,0
31714,0
31715,0
31716,0
31717,0
31718,0
31719,0
31720,0
31721,0
31722,0
31723,0
31724,0
31725,0
31726,0
31727,0
31728,0
31729,0
31730,0
31731,0
31732,0
31733,0
31734,0
31735,0
31736,0
31737,0
31738,0
31739,0
31740,0
31741,0
31742,0
31743,0
31744,0
31745,0
31746,1
31747,1
31748,1
31749,1
31750,1
31751,1
31752,1
31753,1
31754,1
31755,1
31756,1
31757,1
31758,1
31759,1
31760,1
31761,0
31762,0
31763,1
31764,1
31765,0
31766,0
31767,0
31768,0
31769,0
31770,0
31771,0
31772,0
31773,0
31774,0
31775,0
31776,0
31777,0
31778,0
31779,0
31780,0
31781,0
31782,0
31783,0
31784,0
31785,0
31786,0
31787,0
31788,0
31789,0
31790,0
31791,0
31792,0
31793,0
31794,0
31795,0
31796,0
31797,1
31798,0
31799,0
31800,0
31801,0
31802,0
31803,0
31804,0
31805,0
31806,0
31807,0
31808,0
31809,0
31810,0
31811,0
31812,0
31813,0
31814,0
31815,0
31816,1
31817,0
31818,0
31819,0
31820,0
31821,0
31822,0
31823,0
31824,0
31825,0
31826,0
31827,0
31828,0
31829,0
31830,0
31831,0
31832,0
31833,0
31834,0
31835,0
31836,0
31837,0
31838,0
31839,0
31840,0
31841,0
31842,0
31843,0
31844,0
31845,0
31846,0
31847,0
31848,0
31849,0
31850,0
31851,0
31852,0
31853,1
31854,1
31855,1
31856,1
31857,1
31858,1
31859,1
31860,1
31861,1
31862,1
31863,1
31864,1
31865,1
31866,1
31867,0
31868,0
31869,0
31870,1
31871,1
31872,0
31873,0
31874,0
31875,0
31876,0
31877,0
31878,0
31879,0
31880,0
31881,0
31882,0
31883,0
31884,0
31885,0
31886,0
31887,0
31888,0
31889,0
31890,0
31891,0
31892,0
31893,0
31894,0
31895,0
31896,0
31897,0
31898,0
31899,0
31900,0
31901,0
31902,0
31903,0
31904,0
31905,0
31906,0
31907,0
31908,0
31909,0
31910,0
31911,0
31912,0
31913,0
31914,0
31915,0
31916,0
31917,0
31918,0
31919,0
31920,0
31921,0
31922,0
31923,0
31924,0
31925,0
31926,0
31927,0
31928,0
31929,0
31930,0
31931,0
31932,0
31933,0
31934,0
31935,0
31936,0
31937,0
31938,0
31939,0
31940,0
31941,0
31942,0
31943,0
31944,0
31945,0
31946,0
31947,0
31948,0
31949,0
31950,0
31951,0
31952,0
31953,0
31954,0
31955,0
31956,0
31957,0
31958,1
31959,1
31960,1
31961,1
31962,1
31963,1
31964,1
31965,1
31966,1
31967,1
31968,1
31969,1
31970,1
31971,1
31972,1
31973,0
31974,0
31975,1
31976,1
31977,0
31978,0
31979,0
31980,0
31981,0
31982,0
31983,0
31984,0
31985,0
31986,0
31987,0
31988,0
31989,0
31990,0
31991,0
31992,0
31993,0
31994,0
31995,0
31996,0
31997,0
31998,0
31999,0
32000,0
32001,0
32002,0
32003,0
32004,0
32005,0
32006,0
32007,0
32008,0
32009,0
32010,0
32011,0
32012,0
32013,0
32014,0
32015,0
32016,0
32017,0
32018,0
32019,1
32020,0
32021,0
32022,0
32023,0
32024,0
32025,0
32026,0
32027,0
32028,0
32029,0
32030,0
32031,0
32032,0
32033,0
32034,0
32035,0
32036,0
32037,0
32038,0
32039,0
32040,0
32041,0
32042,0
32043,0
32044,0
32045,0
32046,0
32047,0
32048,0
32049,0
32050,0
32051,0
32052,0
32053,0
32054,0
32055,0
32056,0
32057,0
32058,0
32059,0
32060,0
32061,0
32062,0
32063,0
32064,0
32065,1
32066,1
32067,1
32068,1
32069,1
32070,1
32071,1
32072,1
32073,1
32074,1
32075,1
32076,1
32077,1
32078,1
32079,1
32080,0
32081,0
32082,1
32083,1
32084,0
32085,1
32086,0
32087,0
32088,0
32089,0
32090,0
32091,0
32092,0
32093,0
32094,0
32095,0
32096,0
32097,0
32098,0
32099,0
32100,0
32101,0
32102,0
32103,0
32104,0
32105,0
32106,0
32107,0
32108,0
32109,0
32110,0
32111,0
32112,0
32113,0
32114,0
32115,0
32116,0
32117,0
32118,0
32119,0
32120,0
32121,0
32122,0
32123,0
32124,0
32125,0
32126,0
32127,0
32128,0
32129,0
32130,0
32131,0
32132,0
32133,0
32134,0
32135,0
32136,0
32137,0
32138,0
32139,0
32140,0
32141,0
32142,0
32143,0
32144,0
32145,0
32146,0
32147,0
32148,0
32149,0
32150,0
32151,0
32152,0
32153,0
32154,0
32155,0
32156,0
32157,0
32158,0
32159,0
32160,0
32161,0
32162,1
32163,0
32164,0
32165,0
32166,0
32167,0
32168,0
32169,0
32170,1
32171,1
32172,1
32173,1
32174,1
32175,1
32176,1
32177,1
32178,1
32179,1
32180,1
32181,1
32182,1
32183,1
32184,1
32185,1
32186,0
32187,0
32188,1
32189,0
32190,0
32191,0
32192,0
32193,0
32194,0
32195,0
32196,0
32197,0
32198,0
32199,0
32200,0
32201,0
32202,0
32203,0
32204,0
32205,0
32206,0
32207,0
32208,0
32209,0
32210,0
32211,0
32212,0
32213,0
32214,0
32215,0
32216,0
32217,0
32218,0
32219,0
32220,0
32221,0
32222,0
32223,0
32224,0
32225,0
32226,0
32227,0
32228,0
32229,0
32230,0
32231,0
32232,0
32233,0
32234,0
32235,0
32236,0
32237,0
32238,0
32239,0
32240,0
32241,0
32242,0
32243,0
32244,0
32245,0
32246,0
32247,0
32248,0
32249,0
32250,0
32251,0
32252,0
32253,0
32254,0
32255,0
32256,0
32257,0
32258,0
32259,0
32260,0
32261,0
32262,0
32263,0
32264,0
32265,0
32266,0
32267,1
32268,1
32269,0
32270,0
32271,1
32272,0
32273,0
32274,0
32275,0
32276,1
32277,1
32278,1
32279,1
32280,1
32281,1
32282,1
32283,1
32284,1
32285,1
32286,1
32287,1
32288,1
32289,1
32290,1
32291,0
32292,0
32293,1
32294,1
32295,0
32296,0
32297,0
32298,0
32299,0
32300,0
32301,0
32302,0
32303,0
32304,0
32305,0
32306,0
32307,0
32308,0
32309,0
32310,0
32311,0
32312,0
32313,0
32314,0
32315,0
32316,0
32317,0
32318,0
32319,0
32320,0
32321,0
32322,0
32323,0
32324,0
32325,0
32326,0
32327,0
32328,0
32329,0
32330,0
32331,0
32332,0
32333,0
32334,0
32335,0
32336,0
32337,0
32338,0
32339,0
32340,0
32341,0
32342,0
32343,0
32344,0
32345,0
32346,0
32347,0
32348,0
32349,0
32350,0
32351,0
32352,0
32353,0
32354,0
32355,0
32356,0
32357,0
32358,0
32359,0
32360,0
32361,0
32362,0
32363,0
32364,0
32365,0
32366,0
32367,0
32368,0
32369,0
32370,0
32371,0
32372,1
32373,0
32374,0
32375,1
32376,0
32377,0
32378,0
32379,0
32380,1
32381,1
32382,1
32383,1
32384,1
32385,1
32386,1
32387,1
32388,1
32389,1
32390,1
32391,1
32392,1
32393,1
32394,1
32395,1
32396,0
32397,0
32398,1
32399,0
32400,0
32401,0
32402,0
32403,0
32404,0
32405,0
32406,0
32407,0
32408,0
32409,0
32410,0
32411,0
32412,0
32413,0
32414,0
32415,0
32416,0
32417,0
32418,0
32419,0
32420,0
32421,0
32422,0
32423,0
32424,0
32425,0
32426,0
32427,0
32428,0
32429,0
32430,0
32431,0
32432,0
32433,0
32434,0
32435,0
32436,0
32437,0
32438,0
32439,0
32440,0
32441,0
32442,0
32443,0
32444,0
32445,0
32446,0
32447,0
32448,0
32449,0
32450,0
32451,0
32452,0
32453,0
32454,0
32455,0
32456,0
32457,0
32458,0
32459,0
32460,0
32461,0
32462,0
32463,0
32464,0
32465,0
32466,0
32467,0
32468,0
32469,0
32470,0
32471,0
32472,0
32473,0
32474,0
32475,0
32476,0
32477,0
32478,1
32479,0
32480,1
32481,1
32482,1
32483,0
32484,0
32485,1
32486,1
32487,1
32488,1
32489,1
32490,1
32491,1
32492,1
32493,1
32494,1
32495,1
32496,1
32497,1
32498,1
32499,1
32500,1
32501,0
32502,0
32503,0
32504,1
32505,0
32506,0
32507,0
32508,0
32509,0
32510,0
32511,0
32512,0
32513,0
32514,0
32515,0
32516,0
32517,0
32518,0
32519,0
32520,0
32521,0
32522,0
32523,0
32524,0
32525,0
32526,0
32527,0
32528,0
32529,0
32530,0
32531,0
32532,0
32533,0
32534,0
32535,0
32536,0
32537,0
32538,0
32539,0
32540,0
32541,0
32542,0
32543,0
32544,0
32545,0
32546,0
32547,0
32548,0
32549,0
32550,0
32551,0
32552,0
32553,0
32554,0
32555,0
32556,0
32557,0
32558,0
32559,0
32560,0
32561,0
32562,0
32563,0
32564,0
32565,0
32566,0
32567,0
32568,0
32569,0
32570,0
32571,0
32572,0
32573,0
32574,0
32575,0
32576,0
32577,0
32578,0
32579,0
32580,0
32581,1
32582,1
32583,0
32584,1
32585,0
32586,0
32587,0
32588,1
32589,1
32590,1
32591,1
32592,1
32593,1
32594,1
32595,1
32596,1
32597,1
32598,1
32599,1
32600,1
32601,1
32602,1
32603,1
32604,1
32605,0
32606,0
32607,1
32608,1
32609,0
32610,0
32611,0
32612,0
32613,0
32614,0
32615,0
32616,0
32617,0
32618,0
32619,0
32620,0
32621,0
32622,0
32623,0
32624,0
32625,0
32626,0
32627,0
32628,0
32629,0
32630,0
32631,0
32632,0
32633,0
32634,0
32635,0
32636,0
32637,0
32638,0
32639,0
32640,0
32641,0
32642,0
32643,0
32644,0
32645,0
32646,0
32647,0
32648,0
32649,0
32650,0
32651,0
32652,0
32653,0
32654,0
32655,0
32656,0
32657,0
32658,0
32659,0
32660,0
32661,0
32662,0
32663,0
32664,0
32665,0
32666,0
32667,0
32668,0
32669,0
32670,0
32671,0
32672,0
32673,0
32674,0
32675,0
32676,0
32677,0
32678,0
32679,0
32680,0
32681,0
32682,0
32683,0
32684,0
32685,1
32686,1
32687,0
32688,0
32689,0
32690,0
32691,1
32692,1
32693,1
32694,1
32695,1
32696,1
32697,1
32698,1
32699,1
32700,1
32701,1
32702,1
32703,1
32704,1
32705,1
32706,1
32707,1
32708,1
32709,0
32710,0
32711,1
32712,1
32713,0
32714,0
32715,0
32716,0
32717,0
32718,0
32719,0
32720,0
32721,0
32722,0
32723,0
32724,0
32725,0
32726,0
32727,0
32728,0
32729,0
32730,0
32731,0
32732,0
32733,0
32734,0
32735,0
32736,0
32737,0
32738,0
32739,0
32740,0
32741,0
32742,0
32743,0
32744,0
32745,0
32746,0
32747,0
32748,0
32749,0
32750,0
32751,0
32752,0
32753,0
32754,0
32755,0
32756,0
32757,0
32758,0
32759,0
32760,0
32761,0
32762,0
32763,0
32764,0
32765,0
32766,0
32767,0
32768,0
32769,0
32770,0
32771,0
32772,0
32773,0
32774,0
32775,0
32776,0
32777,0
32778,0
32779,0
32780,0
32781,0
32782,0
32783,0
32784,0
32785,0
32786,0
32787,0
32788,0
32789,1
32790,1
32791,0
32792,0
32793,0
32794,0
32795,1
32796,1
32797,1
32798,1
32799,1
32800,1
32801,1
32802,1
32803,1
32804,1
32805,1
32806,1
32807,1
32808,1
32809,1
32810,1
32811,1
32812,1
32813,0
32814,0
32815,1
32816,1
32817,0
32818,0
32819,0
32820,0
32821,0
32822,0
32823,0
32824,0
32825,0
32826,0
32827,0
32828,0
32829,0
32830,0
32831,0
32832,0
32833,0
32834,0
32835,0
32836,0
32837,0
32838,0
32839,0
32840,0
32841,0
32842,0
32843,0
32844,0
32845,0
32846,0
32847,0
32848,0
32849,0
32850,0
32851,0
32852,0
32853,0
32854,0
32855,0
32856,0
32857,0
32858,0
32859,0
32860,0
32861,0
32862,0
32863,0
32864,0
32865,0
32866,0
32867,0
32868,0
32869,0
32870,0
32871,0
32872,0
32873,0
32874,0
32875,0
32876,0
32877,0
32878,0
32879,0
32880,0
32881,0
32882,0
32883,0
32884,0
32885,0
32886,0
32887,0
32888,0
32889,0
32890,0
32891,0
32892,1
32893,1
32894,0
32895,0
32896,0
32897,0
32898,1
32899,1
32900,1
32901,1
32902,1
32903,1
32904,1
32905,1
32906,1
32907,1
32908,1
32909,1
32910,1
32911,1
32912,0
32913,1
32914,1
32915,1
32916,0
32917,0
32918,1
32919,1
32920,0
32921,0
32922,0
32923,0
32924,0
32925,0
32926,0
32927,0
32928,0
32929,0
32930,0
32931,0
32932,0
32933,0
32934,0
32935,0
32936,0
32937,0
32938,0
32939,0
32940,0
32941,0
32942,0
32943,0
32944,0
32945,0
32946,0
32947,0
32948,0
32949,0
32950,0
32951,0
32952,0
32953,0
32954,0
32955,0
32956,0
32957,0
32958,0
32959,0
32960,0
32961,0
32962,0
32963,0
32964,0
32965,0
32966,0
32967,0
32968,0
32969,0
32970,0
32971,0
32972,0
32973,0
32974,0
32975,0
32976,0
32977,0
32978,0
32979,0
32980,0
32981,0
32982,0
32983,0
32984,0
32985,0
32986,0
32987,0
32988,0
32989,0
32990,0
32991,0
32992,0
32993,0
32994,1
32995,1
32996,0
32997,0
32998,1
32999,0
33000,1
33001,1
33002,1
33003,1
33004,1
33005,1
33006,1
33007,1
33008,1
33009,1
33010,1
33011,1
33012,1
33013,1
33014,0
33015,0
33016,1
33017,1
33018,1
33019,0
33020,0
33021,1
33022,1
33023,0
33024,0
33025,0
33026,0
33027,0
33028,0
33029,0
33030,0
33031,0
33032,0
33033,0
33034,0
33035,0
33036,0
33037,0
33038,0
33039,0
33040,0
33041,0
33042,0
33043,0
33044,0
33045,0
33046,0
33047,0
33048,0
33049,0
33050,0
33051,0
33052,0
33053,0
33054,0
33055,0
33056,1
33057,0
33058,0
33059,0
33060,0
33061,0
33062,0
33063,0
33064,0
33065,0
33066,0
33067,0
33068,0
33069,0
33070,0
33071,0
33072,0
33073,0
33074,0
33075,0
33076,0
33077,0
33078,0
33079,0
33080,0
33081,0
33082,0
33083,0
33084,0
33085,0
33086,0
33087,0
33088,0
33089,0
33090,0
33091,0
33092,0
33093,0
33094,0
33095,1
33096,0
33097,0
33098,0
33099,0
33100,1
33101,0
33102,1
33103,1
33104,1
33105,1
33106,1
33107,1
33108,1
33109,1
33110,1
33111,1
33112,1
33113,1
33114,1
33115,0
33116,0
33117,0
33118,1
33119,1
33120,0
33121,0
33122,0
33123,1
33124,1
33125,0
33126,0
33127,0
33128,0
33129,0
33130,0
33131,0
33132,0
33133,0
33134,0
33135,0
33136,0
33137,0
33138,0
33139,0
33140,0
33141,0
33142,0
33143,0
33144,0
33145,0
33146,0
33147,0
33148,0
33149,0
33150,0
33151,0
33152,0
33153,0
33154,0
33155,0
33156,0
33157,0
33158,0
33159,0
33160,0
33161,0
33162,0
33163,0
33164,0
33165,0
33166,0
33167,0
33168,0
33169,0
33170,0
33171,0
33172,0
33173,0
33174,0
33175,0
33176,0
33177,0
33178,0
33179,0
33180,0
33181,0
33182,0
33183,0
33184,0
33185,0
33186,0
33187,0
33188,0
33189,0
33190,0
33191,0
33192,0
33193,0
33194,0
33195,0
33196,0
33197,0
33198,0
33199,0
33200,0
33201,1
33202,1
33203,1
33204,1
33205,1
33206,1
33207,1
33208,1
33209,1
33210,1
33211,1
33212,1
33213,1
33214,0
33215,0
33216,0
33217,0
33218,1
33219,1
33220,0
33221,0
33222,0
33223,1
33224,0
33225,0
33226,0
33227,0
33228,0
33229,0
33230,0
33231,1
33232,0
33233,0
33234,0
33235,0
33236,0
33237,0
33238,0
33239,0
33240,0
33241,0
33242,0
33243,0
33244,0
33245,0
33246,0
33247,0
33248,0
33249,0
33250,0
33251,0
33252,0
33253,0
33254,0
33255,0
33256,0
33257,0
33258,0
33259,0
33260,0
33261,0
33262,0
33263,0
33264,0
33265,0
33266,0
33267,0
33268,0
33269,0
33270,0
33271,0
33272,0
33273,0
33274,0
33275,0
33276,0
33277,0
33278,0
33279,0
33280,0
33281,0
33282,0
33283,0
33284,0
33285,0
33286,0
33287,0
33288,0
33289,0
33290,0
33291,0
33292,0
33293,0
33294,1
33295,1
33296,1
33297,1
33298,1
33299,1
33300,1
33301,1
33302,1
33303,1
33304,1
33305,1
33306,1
33307,0
33308,0
33309,0
33310,1
33311,1
33312,1
33313,0
33314,0
33315,0
33316,0
33317,1
33318,0
33319,0
33320,0
33321,0
33322,0
33323,1
33324,0
33325,0
33326,0
33327,0
33328,0
33329,0
33330,0
33331,0
33332,0
33333,0
33334,0
33335,0
33336,0
33337,0
33338,0
33339,0
33340,0
33341,0
33342,0
33343,0
33344,0
33345,0
33346,0
33347,0
33348,0
33349,0
33350,0
33351,0
33352,0
33353,0
33354,0
33355,0
33356,0
33357,0
33358,0
33359,0
33360,0
33361,0
33362,0
33363,0
33364,0
33365,0
33366,0
33367,0
33368,0
33369,0
33370,0
33371,0
33372,0
33373,0
33374,0
33375,0
33376,0
33377,0
33378,0
33379,1
33380,0
33381,0
33382,0
33383,1
33384,1
33385,1
33386,1
33387,1
33388,1
33389,1
33390,1
33391,1
33392,1
33393,1
33394,1
33395,1
33396,0
33397,0
33398,0
33399,0
33400,1
33401,1
33402,0
33403,0
33404,0
33405,0
33406,0
33407,0
33408,0
33409,0
33410,0
33411,0
33412,1
33413,1
33414,0
33415,0
33416,0
33417,0
33418,0
33419,0
33420,0
33421,0
33422,0
33423,0
33424,0
33425,0
33426,0
33427,0
33428,0
33429,0
33430,0
33431,0
33432,0
33433,0
33434,0
33435,0
33436,0
33437,0
33438,0
33439,0
33440,0
33441,0
33442,0
33443,0
33444,0
33445,0
33446,0
33447,0
33448,0
33449,0
33450,0
33451,0
33452,0
33453,0
33454,0
33455,0
33456,0
33457,0
33458,0
33459,0
33460,0
33461,0
33462,0
33463,0
33464,0
33465,1
33466,0
33467,0
33468,0
33469,0
33470,1
33471,1
33472,1
33473,1
33474,1
33475,1
33476,1
33477,1
33478,1
33479,1
33480,1
33481,1
33482,1
33483,0
33484,0
33485,0
33486,0
33487,1
33488,0
33489,0
33490,0
33491,0
33492,0
33493,0
33494,0
33495,0
33496,0
33497,0
33498,0
33499,1
33500,0
33501,0
33502,0
33503,0
33504,0
33505,0
33506,0
33507,0
33508,0
33509,0
33510,0
33511,0
33512,0
33513,0
33514,0
33515,0
33516,0
33517,0
33518,0
33519,0
33520,0
33521,0
33522,0
33523,0
33524,0
33525,0
33526,0
33527,0
33528,0
33529,0
33530,0
33531,0
33532,0
33533,0
33534,0
33535,0
33536,0
33537,0
33538,0
33539,0
33540,0
33541,0
33542,0
33543,0
33544,0
33545,0
33546,0
33547,1
33548,1
33549,1
33550,0
33551,0
33552,0
33553,1
33554,1
33555,1
33556,1
33557,1
33558,1
33559,1
33560,1
33561,1
33562,1
33563,1
33564,1
33565,1
33566,1
33567,1
33568,0
33569,0
33570,0
33571,0
33572,0
33573,0
33574,0
33575,0
33576,0
33577,0
33578,0
33579,0
33580,0
33581,0
33582,1
33583,1
33584,0
33585,0
33586,0
33587,0
33588,0
33589,0
33590,0
33591,0
33592,0
33593,0
33594,0
33595,0
33596,0
33597,0
33598,0
33599,0
33600,0
33601,0
33602,0
33603,0
33604,0
33605,1
33606,0
33607,0
33608,0
33609,0
33610,0
33611,0
33612,1
33613,0
33614,0
33615,0
33616,0
33617,0
33618,0
33619,0
33620,0
33621,0
33622,0
33623,0
33624,0
33625,0
33626,0
33627,0
33628,0
33629,0
33630,1
33631,1
33632,1
33633,0
33634,0
33635,0
33636,0
33637,1
33638,1
33639,1
33640,1
33641,1
33642,1
33643,1
33644,1
33645,1
33646,1
33647,1
33648,1
33649,1
33650,1
33651,0
33652,0
33653,0
33654,0
33655,0
33656,0
33657,0
33658,0
33659,0
33660,0
33661,0
33662,0
33663,0
33664,0
33665,0
33666,0
33667,0
33668,0
33669,0
33670,0
33671,0
33672,0
33673,0
33674,0
33675,0
33676,0
33677,0
33678,0
33679,0
33680,0
33681,0
33682,0
33683,0
33684,0
33685,0
33686,0
33687,0
33688,0
33689,0
33690,0
33691,0
33692,0
33693,0
33694,0
33695,0
33696,0
33697,0
33698,0
33699,0
33700,0
33701,0
33702,0
33703,0
33704,0
33705,0
33706,0
33707,0
33708,0
33709,0
33710,0
33711,0
33712,0
33713,0
33714,0
33715,1
33716,1
33717,1
33718,0
33719,0
33720,0
33721,1
33722,1
33723,1
33724,1
33725,1
33726,1
33727,1
33728,1
33729,1
33730,1
33731,1
33732,1
33733,1
33734,1
33735,1
33736,0
33737,0
33738,0
33739,0
33740,0
33741,0
33742,0
33743,0
33744,0
33745,0
33746,0
33747,0
33748,0
33749,0
33750,0
33751,0
33752,0
33753,0
33754,0
33755,0
33756,0
33757,0
33758,0
33759,0
33760,0
33761,0
33762,0
33763,0
33764,0
33765,0
33766,1
33767,0
33768,0
33769,0
33770,0
33771,0
33772,0
33773,0
33774,0
33775,0
33776,0
33777,0
33778,0
33779,0
33780,0
33781,0
33782,0
33783,0
33784,0
33785,0
33786,0
33787,0
33788,0
33789,0
33790,0
33791,0
33792,0
33793,0
33794,0
33795,0
33796,0
33797,0
33798,1
33799,1
33800,0
33801,0
33802,0
33803,0
33804,0
33805,1
33806,1
33807,1
33808,1
33809,1
33810,1
33811,1
33812,1
33813,1
33814,1
33815,1
33816,1
33817,1
33818,1
33819,1
33820,0
33821,0
33822,0
33823,0
33824,1
33825,0
33826,0
33827,0
33828,0
33829,0
33830,0
33831,0
33832,0
33833,0
33834,0
33835,0
33836,0
33837,0
33838,0
33839,0
33840,0
33841,0
33842,0
33843,0
33844,0
33845,0
33846,0
33847,0
33848,0
33849,0
33850,1
33851,1
33852,0
33853,1
33854,0
33855,0
33856,0
33857,0
33858,0
33859,0
33860,0
33861,0
33862,0
33863,0
33864,0
33865,0
33866,0
33867,0
33868,0
33869,0
33870,0
33871,0
33872,0
33873,0
33874,0
33875,0
33876,0
33877,0
33878,0
33879,0
33880,0
33881,0
33882,0
33883,0
33884,1
33885,0
33886,0
33887,0
33888,0
33889,0
33890,1
33891,1
33892,1
33893,1
33894,1
33895,0
33896,0
33897,0
33898,1
33899,1
33900,1
33901,1
33902,1
33903,1
33904,1
33905,1
33906,0
33907,0
33908,0
33909,1
33910,0
33911,0
33912,0
33913,0
33914,0
33915,0
33916,0
33917,0
33918,0
33919,0
33920,0
33921,0
33922,0
33923,0
33924,0
33925,0
33926,0
33927,0
33928,0
33929,0
33930,0
33931,0
33932,0
33933,0
33934,1
33935,1
33936,1
33937,1
33938,0
33939,0
33940,0
33941,0
33942,0
33943,0
33944,0
33945,0
33946,0
33947,0
33948,0
33949,0
33950,0
33951,0
33952,0
33953,0
33954,0
33955,0
33956,0
33957,0
33958,0
33959,0
33960,0
33961,0
33962,0
33963,0
33964,0
33965,0
33966,0
33967,0
33968,0
33969,0
33970,0
33971,0
33972,0
33973,0
33974,0
33975,1
33976,1
33977,1
33978,1
33979,0
33980,0
33981,0
33982,0
33983,1
33984,1
33985,1
33986,1
33987,0
33988,1
33989,1
33990,1
33991,0
33992,0
33993,0
33994,1
33995,0
33996,0
33997,0
33998,0
33999,0
34000,0
34001,0
34002,0
34003,0
34004,0
34005,0
34006,0
34007,0
34008,0
34009,0
34010,0
34011,0
34012,0
34013,0
34014,0
34015,0
34016,0
34017,0
34018,0
34019,1
34020,1
34021,1
34022,1
34023,0
34024,0
34025,0
34026,0
34027,1
34028,0
34029,0
34030,0
34031,0
34032,0
34033,0
34034,0
34035,0
34036,0
34037,0
34038,0
34039,0
34040,0
34041,0
34042,0
34043,0
34044,0
34045,0
34046,0
34047,0
34048,0
34049,0
34050,0
34051,0
34052,0
34053,0
34054,0
34055,0
34056,0
34057,0
34058,0
34059,1
34060,1
34061,1
34062,1
34063,0
34064,0
34065,0
34066,0
34067,0
34068,1
34069,1
34070,1
34071,1
34072,0
34073,1
34074,0
34075,0
34076,0
34077,0
34078,0
34079,0
34080,0
34081,0
34082,0
34083,0
34084,0
34085,0
34086,0
34087,0
34088,0
34089,0
34090,0
34091,0
34092,0
34093,0
34094,0
34095,0
34096,0
34097,0
34098,0
34099,0
34100,0
34101,0
34102,0
34103,0
34104,1
34105,1
34106,1
34107,0
34108,0
34109,0
34110,0
34111,0
34112,0
34113,0
34114,0
34115,0
34116,0
34117,0
34118,0
34119,0
34120,0
34121,0
34122,0
34123,0
34124,0
34125,0
34126,0
34127,0
34128,0
34129,0
34130,0
34131,0
34132,0
34133,0
34134,0
34135,0
34136,0
34137,0
34138,0
34139,0
34140,0
34141,0
34142,0
34143,0
34144,0
34145,1
34146,1
34147,1
34148,1
34149,0
34150,0
34151,0
34152,0
34153,0
34154,1
34155,1
34156,0
34157,0
34158,0
34159,0
34160,0
34161,0
34162,0
34163,0
34164,1
34165,0
34166,0
34167,0
34168,0
34169,0
34170,0
34171,0
34172,0
34173,0
34174,0
34175,0
34176,0
34177,0
34178,0
34179,0
34180,0
34181,0
34182,0
34183,0
34184,0
34185,0
34186,0
34187,0
34188,0
34189,0
34190,1
34191,1
34192,1
34193,0
34194,0
34195,0
34196,0
34197,0
34198,0
34199,0
34200,0
34201,0
34202,0
34203,0
34204,0
34205,0
34206,0
34207,0
34208,0
34209,0
34210,0
34211,0
34212,0
34213,0
34214,0
34215,0
34216,0
34217,0
34218,0
34219,0
34220,0
34221,0
34222,0
34223,0
34224,0
34225,0
34226,0
34227,0
34228,0
34229,1
34230,1
34231,1
34232,1
34233,0
34234,0
34235,0
34236,0
34237,0
34238,1
34239,1
34240,0
34241,0
34242,0
34243,0
34244,0
34245,0
34246,0
34247,0
34248,0
34249,0
34250,0
34251,0
34252,0
34253,0
34254,0
34255,0
34256,0
34257,0
34258,0
34259,0
34260,0
34261,0
34262,0
34263,0
34264,0
34265,0
34266,0
34267,0
34268,0
34269,0
34270,0
34271,0
34272,0
34273,0
34274,0
34275,1
34276,1
34277,0
34278,0
34279,0
34280,0
34281,0
34282,0
34283,0
34284,0
34285,0
34286,0
34287,0
34288,0
34289,0
34290,0
34291,0
34292,0
34293,0
34294,0
34295,0
34296,0
34297,0
34298,0
34299,0
34300,0
34301,0
34302,0
34303,0
34304,0
34305,0
34306,0
34307,0
34308,0
34309,0
34310,1
34311,0
34312,0
34313,0
34314,0
34315,1
34316,1
34317,1
34318,1
34319,0
34320,0
34321,0
34322,0
34323,0
34324,1
34325,1
34326,0
34327,0
34328,0
34329,0
34330,0
34331,0
34332,1
34333,0
34334,0
34335,0
34336,0
34337,0
34338,0
34339,0
34340,0
34341,0
34342,0
34343,0
34344,0
34345,0
34346,0
34347,0
34348,0
34349,0
34350,0
34351,1
34352,0
34353,0
34354,0
34355,0
34356,0
34357,0
34358,0
34359,0
34360,1
34361,1
34362,1
34363,0
34364,0
34365,0
34366,0
34367,0
34368,0
34369,0
34370,0
34371,0
34372,0
34373,0
34374,0
34375,0
34376,0
34377,0
34378,0
34379,0
34380,0
34381,0
34382,0
34383,0
34384,0
34385,0
34386,0
34387,0
34388,0
34389,0
34390,0
34391,0
34392,0
34393,0
34394,0
34395,0
34396,0
34397,0
34398,0
34399,0
34400,1
34401,1
34402,1
34403,1
34404,0
34405,0
34406,0
34407,0
34408,0
34409,1
34410,1
34411,1
34412,0
34413,1
34414,0
34415,0
34416,0
34417,0
34418,0
34419,0
34420,0
34421,0
34422,0
34423,0
34424,0
34425,0
34426,0
34427,0
34428,0
34429,0
34430,0
34431,0
34432,0
34433,0
34434,0
34435,0
34436,0
34437,1
34438,1
34439,0
34440,0
34441,0
34442,0
34443,0
34444,0
34445,0
34446,1
34447,1
34448,0
34449,0
34450,0
34451,0
34452,0
34453,0
34454,0
34455,0
34456,0
34457,0
34458,0
34459,0
34460,0
34461,0
34462,0
34463,0
34464,0
34465,0
34466,0
34467,0
34468,0
34469,0
34470,0
34471,0
34472,0
34473,0
34474,0
34475,0
34476,0
34477,0
34478,0
34479,0
34480,0
34481,0
34482,0
34483,0
34484,0
34485,1
34486,1
34487,1
34488,0
34489,0
34490,0
34491,0
34492,0
34493,1
34494,1
34495,0
34496,1
34497,0
34498,0
34499,0
34500,0
34501,0
34502,1
34503,0
34504,0
34505,0
34506,0
34507,0
34508,1
34509,0
34510,0
34511,0
34512,0
34513,0
34514,0
34515,0
34516,0
34517,0
34518,0
34519,0
34520,0
34521,1
34522,1
34523,1
34524,0
34525,0
34526,0
34527,0
34528,0
34529,0
34530,1
34531,1
34532,1
34533,0
34534,0
34535,0
34536,0
34537,0
34538,0
34539,0
34540,0
34541,0
34542,0
34543,0
34544,0
34545,0
34546,0
34547,0
34548,0
34549,0
34550,0
34551,0
34552,0
34553,0
34554,0
34555,0
34556,0
34557,0
34558,0
34559,0
34560,0
34561,0
34562,0
34563,0
34564,0
34565,0
34566,0
34567,0
34568,0
34569,0
34570,1
34571,1
34572,1
34573,1
34574,0
34575,0
34576,0
34577,0
34578,1
34579,1
34580,0
34581,0
34582,0
34583,0
34584,0
34585,0
34586,0
34587,0
34588,0
34589,0
34590,0
34591,0
34592,0
34593,0
34594,0
34595,0
34596,0
34597,0
34598,0
34599,0
34600,0
34601,0
34602,0
34603,0
34604,0
34605,0
34606,0
34607,1
34608,1
34609,1
34610,0
34611,0
34612,0
34613,0
34614,0
34615,0
34616,1
34617,1
34618,0
34619,0
34620,0
34621,0
34622,0
34623,0
34624,0
34625,0
34626,0
34627,0
34628,0
34629,0
34630,0
34631,0
34632,0
34633,0
34634,0
34635,0
34636,0
34637,0
34638,0
34639,0
34640,0
34641,0
34642,0
34643,0
34644,0
34645,0
34646,0
34647,0
34648,0
34649,0
34650,1
34651,1
34652,0
34653,0
34654,0
34655,1
34656,1
34657,1
34658,0
34659,0
34660,0
34661,0
34662,0
34663,1
34664,0
34665,0
34666,0
34667,1
34668,0
34669,0
34670,0
34671,0
34672,0
34673,0
34674,0
34675,0
34676,0
34677,1
34678,0
34679,0
34680,0
34681,0
34682,0
34683,0
34684,0
34685,0
34686,0
34687,0
34688,0
34689,0
34690,0
34691,0
34692,0
34693,1
34694,1
34695,1
34696,0
34697,0
34698,0
34699,0
34700,0
34701,1
34702,1
34703,1
34704,0
34705,0
34706,0
34707,0
34708,0
34709,0
34710,0
34711,0
34712,0
34713,0
34714,0
34715,0
34716,0
34717,0
34718,0
34719,0
34720,0
34721,0
34722,0
34723,0
34724,0
34725,0
34726,0
34727,0
34728,0
34729,0
34730,0
34731,0
34732,0
34733,0
34734,0
34735,0
34736,0
34737,1
34738,1
34739,0
34740,0
34741,1
34742,1
34743,1
34744,1
34745,0
34746,0
34747,0
34748,0
34749,1
34750,1
34751,0
34752,0
34753,0
34754,0
34755,0
34756,0
34757,0
34758,0
34759,0
34760,0
34761,0
34762,0
34763,0
34764,1
34765,0
34766,0
34767,0
34768,0
34769,0
34770,0
34771,0
34772,0
34773,0
34774,0
34775,0
34776,0
34777,0
34778,1
34779,1
34780,1
34781,1
34782,0
34783,0
34784,0
34785,0
34786,0
34787,1
34788,1
34789,1
34790,0
34791,0
34792,0
34793,0
34794,0
34795,0
34796,0
34797,0
34798,0
34799,1
34800,0
34801,0
34802,0
34803,0
34804,0
34805,0
34806,0
34807,0
34808,0
34809,0
34810,0
34811,0
34812,0
34813,0
34814,0
34815,0
34816,0
34817,0
34818,0
34819,0
34820,0
34821,1
34822,1
34823,0
34824,0
34825,0
34826,1
34827,1
34828,1
34829,0
34830,0
34831,0
34832,0
34833,1
34834,1
34835,0
34836,0
34837,0
34838,0
34839,1
34840,0
34841,0
34842,0
34843,0
34844,0
34845,0
34846,0
34847,0
34848,1
34849,0
34850,0
34851,0
34852,0
34853,0
34854,0
34855,0
34856,0
34857,0
34858,0
34859,0
34860,0
34861,0
34862,0
34863,0
34864,1
34865,1
34866,1
34867,1
34868,0
34869,0
34870,0
34871,0
34872,1
34873,1
34874,1
34875,0
34876,0
34877,0
34878,0
34879,0
34880,0
34881,0
34882,0
34883,0
34884,0
34885,0
34886,0
34887,0
34888,0
34889,0
34890,0
34891,0
34892,0
34893,0
34894,0
34895,0
34896,0
34897,0
34898,0
34899,0
34900,0
34901,0
34902,0
34903,0
34904,0
34905,0
34906,0
34907,1
34908,1
34909,0
34910,0
34911,0
34912,1
34913,1
34914,1
34915,0
34916,0
34917,0
34918,1
34919,1
34920,1
34921,0
34922,0
34923,0
34924,0
34925,0
34926,0
34927,0
34928,0
34929,0
34930,0
34931,0
34932,0
34933,0
34934,0
34935,0
34936,0
34937,0
34938,0
34939,0
34940,0
34941,0
34942,0
34943,0
34944,0
34945,0
34946,0
34947,0
34948,1
34949,1
34950,1
34951,1
34952,1
34953,0
34954,0
34955,0
34956,0
34957,1
34958,1
34959,1
34960,0
34961,0
34962,0
34963,0
34964,0
34965,0
34966,0
34967,0
34968,0
34969,0
34970,1
34971,1
34972,0
34973,0
34974,0
34975,0
34976,0
34977,0
34978,0
34979,0
34980,0
34981,0
34982,0
34983,0
34984,0
34985,0
34986,0
34987,0
34988,0
34989,0
34990,0
34991,1
34992,1
34993,0
34994,0
34995,0
34996,0
34997,1
34998,1
34999,1
35000,0
35001,0
35002,0
35003,1
35004,1
35005,0
35006,0
35007,1
35008,0
35009,0
35010,0
35011,0
35012,0
35013,0
35014,0
35015,0
35016,0
35017,0
35018,0
35019,0
35020,0
35021,0
35022,0
35023,0
35024,0
35025,0
35026,0
35027,0
35028,0
35029,0
35030,0
35031,0
35032,0
35033,1
35034,1
35035,1
35036,1
35037,1
35038,0
35039,0
35040,0
35041,1
35042,1
35043,1
35044,1
35045,0
35046,0
35047,0
35048,0
35049,0
35050,0
35051,0
35052,0
35053,0
35054,0
35055,1
35056,0
35057,0
35058,0
35059,0
35060,0
35061,0
35062,0
35063,0
35064,0
35065,0
35066,0
35067,0
35068,0
35069,0
35070,0
35071,0
35072,0
35073,0
35074,0
35075,0
35076,1
35077,1
35078,0
35079,0
35080,0
35081,0
35082,1
35083,1
35084,0
35085,0
35086,0
35087,1
35088,1
35089,1
35090,0
35091,1
35092,0
35093,0
35094,0
35095,0
35096,0
35097,0
35098,0
35099,0
35100,0
35101,0
35102,0
35103,0
35104,0
35105,0
35106,0
35107,0
35108,0
35109,0
35110,0
35111,0
35112,0
35113,0
35114,0
35115,0
35116,0
35117,1
35118,1
35119,1
35120,1
35121,1
35122,0
35123,0
35124,0
35125,0
35126,1
35127,1
35128,1
35129,0
35130,0
35131,0
35132,0
35133,0
35134,0
35135,0
35136,0
35137,0
35138,0
35139,1
35140,0
35141,0
35142,0
35143,0
35144,0
35145,0
35146,0
35147,0
35148,0
35149,0
35150,0
35151,0
35152,0
35153,0
35154,0
35155,0
35156,0
35157,1
35158,0
35159,0
35160,1
35161,1
35162,1
35163,0
35164,0
35165,0
35166,0
35167,1
35168,0
35169,0
35170,0
35171,1
35172,1
35173,1
35174,1
35175,0
35176,0
35177,0
35178,0
35179,0
35180,0
35181,0
35182,1
35183,0
35184,0
35185,0
35186,1
35187,0
35188,0
35189,0
35190,0
35191,0
35192,0
35193,0
35194,0
35195,0
35196,0
35197,0
35198,0
35199,0
35200,0
35201,0
35202,1
35203,1
35204,1
35205,0
35206,0
35207,0
35208,0
35209,0
35210,1
35211,1
35212,1
35213,1
35214,0
35215,0
35216,0
35217,0
35218,0
35219,0
35220,0
35221,0
35222,0
35223,0
35224,1
35225,0
35226,0
35227,0
35228,0
35229,0
35230,0
35231,0
35232,0
35233,0
35234,0
35235,0
35236,0
35237,0
35238,0
35239,0
35240,0
35241,0
35242,0
35243,0
35244,0
35245,0
35246,1
35247,1
35248,0
35249,0
35250,0
35251,0
35252,0
35253,0
35254,0
35255,0
35256,1
35257,1
35258,1
35259,1
35260,1
35261,0
35262,0
35263,1
35264,0
35265,0
35266,0
35267,0
35268,0
35269,0
35270,0
35271,1
35272,0
35273,0
35274,0
35275,0
35276,0
35277,0
35278,0
35279,0
35280,0
35281,0
35282,0
35283,0
35284,0
35285,0
35286,0
35287,0
35288,0
35289,0
35290,0
35291,0
35292,0
35293,0
35294,0
35295,0
35296,1
35297,1
35298,1
35299,0
35300,0
35301,0
35302,0
35303,0
35304,0
35305,0
35306,0
35307,0
35308,0
35309,0
35310,0
35311,0
35312,0
35313,0
35314,0
35315,0
35316,0
35317,0
35318,0
35319,0
35320,0
35321,0
35322,0
35323,0
35324,0
35325,0
35326,0
35327,0
35328,0
35329,0
35330,1
35331,1
35332,0
35333,0
35334,0
35335,0
35336,0
35337,0
35338,0
35339,0
35340,1
35341,1
35342,1
35343,1
35344,1
35345,0
35346,0
35347,0
35348,0
35349,0
35350,0
35351,0
35352,0
35353,1
35354,0
35355,1
35356,0
35357,0
35358,0
35359,0
35360,0
35361,0
35362,0
35363,0
35364,0
35365,0
35366,0
35367,0
35368,0
35369,0
35370,0
35371,0
35372,0
35373,0
35374,0
35375,0
35376,0
35377,0
35378,0
35379,0
35380,1
35381,1
35382,1
35383,0
35384,0
35385,0
35386,0
35387,0
35388,0
35389,0
35390,0
35391,0
35392,0
35393,0
35394,0
35395,0
35396,0
35397,0
35398,0
35399,0
35400,0
35401,0
35402,0
35403,0
35404,0
35405,0
35406,0
35407,0
35408,0
35409,0
35410,0
35411,0
35412,0
35413,0
35414,0
35415,0
35416,0
35417,0
35418,0
35419,0
35420,0
35421,0
35422,0
35423,0
35424,0
35425,1
35426,1
35427,1
35428,1
35429,1
35430,0
35431,0
35432,0
35433,0
35434,0
35435,0
35436,0
35437,1
35438,0
35439,1
35440,0
35441,0
35442,0
35443,0
35444,0
35445,0
35446,0
35447,0
35448,0
35449,0
35450,0
35451,0
35452,0
35453,0
35454,0
35455,0
35456,0
35457,0
35458,0
35459,0
35460,0
35461,0
35462,0
35463,0
35464,1
35465,1
35466,1
35467,1
35468,0
35469,0
35470,0
35471,0
35472,0
35473,0
35474,0
35475,0
35476,0
35477,0
35478,0
35479,0
35480,0
35481,0
35482,0
35483,0
35484,0
35485,0
35486,0
35487,0
35488,0
35489,0
35490,0
35491,0
35492,0
35493,0
35494,0
35495,0
35496,0
35497,0
35498,0
35499,0
35500,0
35501,0
35502,0
35503,0
35504,0
35505,0
35506,0
35507,0
35508,0
35509,1
35510,1
35511,1
35512,1
35513,1
35514,0
35515,0
35516,0
35517,1
35518,0
35519,0
35520,0
35521,0
35522,1
35523,0
35524,1
35525,0
35526,0
35527,0
35528,0
35529,0
35530,0
35531,0
35532,0
35533,0
35534,0
35535,0
35536,0
35537,0
35538,0
35539,0
35540,0
35541,0
35542,0
35543,0
35544,0
35545,0
35546,0
35547,0
35548,1
35549,1
35550,1
35551,1
35552,0
35553,0
35554,0
35555,0
35556,0
35557,0
35558,0
35559,0
35560,0
35561,0
35562,0
35563,0
35564,0
35565,0
35566,0
35567,0
35568,0
35569,0
35570,0
35571,0
35572,0
35573,0
35574,0
35575,0
35576,0
35577,0
35578,0
35579,0
35580,0
35581,0
35582,0
35583,0
35584,0
35585,0
35586,0
35587,0
35588,0
35589,0
35590,0
35591,0
35592,0
35593,0
35594,0
35595,1
35596,1
35597,1
35598,1
35599,1
35600,0
35601,0
35602,0
35603,0
35604,0
35605,0
35606,0
35607,0
35608,1
35609,1
35610,0
35611,0
35612,0
35613,0
35614,0
35615,0
35616,0
35617,0
35618,0
35619,0
35620,0
35621,0
35622,0
35623,0
35624,0
35625,0
35626,0
35627,0
35628,0
35629,0
35630,0
35631,0
35632,1
35633,1
35634,1
35635,1
35636,1
35637,0
35638,0
35639,0
35640,0
35641,0
35642,0
35643,0
35644,0
35645,0
35646,0
35647,0
35648,0
35649,0
35650,0
35651,0
35652,0
35653,0
35654,0
35655,0
35656,0
35657,0
35658,0
35659,0
35660,0
35661,0
35662,0
35663,0
35664,0
35665,0
35666,0
35667,0
35668,0
35669,0
35670,0
35671,0
35672,0
35673,0
35674,0
35675,0
35676,0
35677,0
35678,0
35679,1
35680,1
35681,1
35682,0
35683,0
35684,0
35685,0
35686,1
35687,1
35688,0
35689,0
35690,0
35691,1
35692,0
35693,0
35694,0
35695,0
35696,0
35697,0
35698,0
35699,0
35700,0
35701,0
35702,0
35703,0
35704,0
35705,0
35706,0
35707,0
35708,0
35709,0
35710,0
35711,0
35712,0
35713,0
35714,0
35715,1
35716,1
35717,1
35718,1
35719,1
35720,0
35721,0
35722,0
35723,0
35724,0
35725,0
35726,0
35727,0
35728,0
35729,0
35730,0
35731,0
35732,0
35733,0
35734,0
35735,0
35736,0
35737,0
35738,0
35739,0
35740,0
35741,0
35742,0
35743,0
35744,0
35745,0
35746,0
35747,0
35748,0
35749,0
35750,0
35751,0
35752,0
35753,0
35754,0
35755,0
35756,0
35757,0
35758,0
35759,0
35760,0
35761,0
35762,0
35763,1
35764,1
35765,1
35766,0
35767,0
35768,0
35769,0
35770,0
35771,0
35772,1
35773,0
35774,1
35775,0
35776,0
35777,0
35778,0
35779,0
35780,0
35781,0
35782,0
35783,0
35784,0
35785,0
35786,0
35787,0
35788,0
35789,0
35790,0
35791,0
35792,0
35793,0
35794,0
35795,0
35796,0
35797,0
35798,1
35799,1
35800,1
35801,1
35802,1
35803,0
35804,0
35805,0
35806,0
35807,0
35808,0
35809,0
35810,0
35811,0
35812,0
35813,0
35814,0
35815,0
35816,0
35817,0
35818,0
35819,0
35820,0
35821,0
35822,0
35823,0
35824,0
35825,0
35826,0
35827,0
35828,0
35829,0
35830,0
35831,0
35832,0
35833,0
35834,0
35835,0
35836,0
35837,0
35838,0
35839,0
35840,0
35841,0
35842,0
35843,0
35844,0
35845,0
35846,0
35847,1
35848,1
35849,0
35850,0
35851,0
35852,0
35853,0
35854,0
35855,0
35856,0
35857,0
35858,0
35859,1
35860,0
35861,0
35862,0
35863,0
35864,0
35865,0
35866,0
35867,0
35868,0
35869,0
35870,0
35871,0
35872,0
35873,0
35874,0
35875,0
35876,0
35877,0
35878,0
35879,0
35880,0
35881,1
35882,1
35883,1
35884,1
35885,1
35886,0
35887,0
35888,0
35889,0
35890,0
35891,0
35892,0
35893,0
35894,0
35895,0
35896,0
35897,0
35898,0
35899,0
35900,0
35901,0
35902,0
35903,0
35904,0
35905,0
35906,0
35907,0
35908,0
35909,0
35910,0
35911,0
35912,0
35913,0
35914,0
35915,0
35916,0
35917,0
35918,0
35919,0
35920,0
35921,0
35922,0
35923,0
35924,0
35925,0
35926,0
35927,0
35928,0
35929,0
35930,1
35931,0
35932,0
35933,0
35934,0
35935,0
35936,0
35937,0
35938,0
35939,0
35940,1
35941,0
35942,0
35943,0
35944,1
35945,0
35946,0
35947,0
35948,0
35949,0
35950,0
35951,0
35952,0
35953,0
35954,0
35955,0
35956,0
35957,0
35958,0
35959,0
35960,0
35961,0
35962,0
35963,0
35964,0
35965,1
35966,1
35967,1
35968,1
35969,1
35970,0
35971,0
35972,0
35973,0
35974,0
35975,0
35976,0
35977,0
35978,0
35979,0
35980,0
35981,0
35982,0
35983,0
35984,0
35985,0
35986,0
35987,0
35988,0
35989,0
35990,0
35991,0
35992,0
35993,0
35994,0
35995,0
35996,0
35997,1
35998,0
35999,0
36000,0
36001,0
36002,0
36003,0
36004,0
36005,0
36006,0
36007,0
36008,0
36009,0
36010,0
36011,0
36012,0
36013,0
36014,0
36015,0
36016,0
36017,0
36018,0
36019,0
36020,0
36021,0
36022,0
36023,0
36024,0
36025,0
36026,0
36027,0
36028,0
36029,0
36030,0
36031,0
36032,0
36033,0
36034,0
36035,0
36036,0
36037,0
36038,0
36039,0
36040,0
36041,0
36042,0
36043,0
36044,0
36045,0
36046,0
36047,1
36048,1
36049,1
36050,1
36051,1
36052,0
36053,0
36054,0
36055,0
36056,0
36057,0
36058,0
36059,0
36060,0
36061,0
36062,0
36063,0
36064,0
36065,0
36066,0
36067,0
36068,0
36069,0
36070,0
36071,0
36072,0
36073,0
36074,0
36075,0
36076,0
36077,0
36078,0
36079,1
36080,0
36081,0
36082,0
36083,0
36084,0
36085,0
36086,0
36087,0
36088,0
36089,0
36090,0
36091,0
36092,0
36093,0
36094,0
36095,0
36096,0
36097,0
36098,0
36099,0
36100,0
36101,0
36102,0
36103,0
36104,0
36105,0
36106,0
36107,0
36108,0
36109,0
36110,0
36111,0
36112,0
36113,0
36114,1
36115,0
36116,0
36117,0
36118,0
36119,0
36120,0
36121,0
36122,0
36123,0
36124,0
36125,0
36126,0
36127,0
36128,1
36129,1
36130,1
36131,1
36132,1
36133,0
36134,0
36135,0
36136,0
36137,0
36138,0
36139,0
36140,0
36141,0
36142,0
36143,0
36144,0
36145,0
36146,0
36147,0
36148,0
36149,0
36150,0
36151,0
36152,0
36153,0
36154,0
36155,0
36156,0
36157,0
36158,0
36159,0
36160,1
36161,0
36162,0
36163,0
36164,0
36165,0
36166,0
36167,0
36168,0
36169,0
36170,0
36171,0
36172,0
36173,0
36174,0
36175,0
36176,0
36177,0
36178,0
36179,0
36180,0
36181,0
36182,0
36183,0
36184,0
36185,0
36186,0
36187,0
36188,0
36189,0
36190,0
36191,0
36192,0
36193,0
36194,0
36195,0
36196,0
36197,0
36198,0
36199,0
36200,0
36201,0
36202,0
36203,0
36204,0
36205,0
36206,0
36207,0
36208,0
36209,0
36210,0
36211,1
36212,1
36213,1
36214,1
36215,0
36216,0
36217,0
36218,0
36219,0
36220,0
36221,0
36222,0
36223,0
36224,0
36225,0
36226,0
36227,0
36228,0
36229,0
36230,0
36231,0
36232,0
36233,0
36234,0
36235,1
36236,0
36237,0
36238,0
36239,0
36240,0
36241,0
36242,1
36243,0
36244,0
36245,0
36246,0
36247,0
36248,0
36249,0
36250,0
36251,0
36252,0
36253,0
36254,1
36255,0
36256,0
36257,0
36258,0
36259,0
36260,0
36261,0
36262,0
36263,0
36264,0
36265,0
36266,0
36267,0
36268,0
36269,0
36270,0
36271,0
36272,0
36273,0
36274,0
36275,0
36276,0
36277,0
36278,1
36279,0
36280,0
36281,0
36282,0
36283,0
36284,0
36285,0
36286,0
36287,0
36288,0
36289,0
36290,0
36291,0
36292,1
36293,1
36294,1
36295,1
36296,0
36297,0
36298,0
36299,0
36300,0
36301,0
36302,0
36303,0
36304,0
36305,0
36306,0
36307,0
36308,0
36309,0
36310,0
36311,0
36312,0
36313,0
36314,1
36315,0
36316,0
36317,0
36318,0
36319,0
36320,1
36321,1
36322,0
36323,0
36324,0
36325,0
36326,0
36327,0
36328,0
36329,0
36330,0
36331,0
36332,0
36333,0
36334,0
36335,0
36336,0
36337,0
36338,0
36339,0
36340,0
36341,0
36342,0
36343,0
36344,0
36345,0
36346,0
36347,0
36348,0
36349,0
36350,0
36351,0
36352,0
36353,0
36354,0
36355,0
36356,0
36357,0
36358,1
36359,0
36360,0
36361,0
36362,0
36363,0
36364,0
36365,0
36366,0
36367,0
36368,0
36369,0
36370,0
36371,1
36372,1
36373,1
36374,1
36375,0
36376,0
36377,0
36378,0
36379,0
36380,0
36381,0
36382,0
36383,0
36384,0
36385,0
36386,0
36387,0
36388,0
36389,0
36390,0
36391,0
36392,0
36393,1
36394,1
36395,0
36396,0
36397,0
36398,0
36399,0
36400,0
36401,0
36402,0
36403,0
36404,0
36405,0
36406,0
36407,0
36408,0
36409,0
36410,0
36411,0
36412,0
36413,0
36414,0
36415,0
36416,0
36417,0
36418,0
36419,0
36420,0
36421,0
36422,0
36423,0
36424,0
36425,0
36426,0
36427,0
36428,0
36429,0
36430,0
36431,0
36432,0
36433,0
36434,0
36435,0
36436,0
36437,1
36438,1
36439,0
36440,0
36441,0
36442,0
36443,0
36444,0
36445,0
36446,0
36447,0
36448,0
36449,0
36450,0
36451,1
36452,1
36453,1
36454,0
36455,0
36456,0
36457,0
36458,0
36459,0
36460,0
36461,0
36462,0
36463,0
36464,0
36465,0
36466,0
36467,0
36468,1
36469,1
36470,1
36471,0
36472,0
36473,0
36474,0
36475,0
36476,0
36477,0
36478,0
36479,0
36480,0
36481,0
36482,0
36483,0
36484,0
36485,0
36486,0
36487,0
36488,0
36489,0
36490,0
36491,0
36492,0
36493,0
36494,0
36495,0
36496,0
36497,1
36498,0
36499,0
36500,0
36501,0
36502,0
36503,0
36504,0
36505,0
36506,0
36507,0
36508,0
36509,0
36510,0
36511,0
36512,0
36513,1
36514,1
36515,0
36516,0
36517,0
36518,0
36519,0
36520,0
36521,0
36522,0
36523,0
36524,0
36525,0
36526,1
36527,1
36528,0
36529,0
36530,0
36531,0
36532,0
36533,0
36534,0
36535,0
36536,0
36537,0
36538,0
36539,0
36540,0
36541,0
36542,0
36543,1
36544,1
36545,1
36546,1
36547,0
36548,0
36549,0
36550,0
36551,0
36552,0
36553,0
36554,0
36555,0
36556,0
36557,0
36558,0
36559,0
36560,0
36561,0
36562,0
36563,0
36564,0
36565,0
36566,0
36567,0
36568,0
36569,0
36570,0
36571,0
36572,0
36573,1
36574,0
36575,0
36576,0
36577,0
36578,0
36579,0
36580,0
36581,1
36582,0
36583,0
36584,0
36585,0
36586,0
36587,0
36588,0
36589,1
36590,1
36591,0
36592,0
36593,0
36594,0
36595,0
36596,0
36597,0
36598,0
36599,0
36600,0
36601,1
36602,1
36603,0
36604,0
36605,0
36606,0
36607,0
36608,0
36609,0
36610,0
36611,0
36612,0
36613,0
36614,0
36615,0
36616,0
36617,1
36618,1
36619,1
36620,1
36621,0
36622,0
36623,0
36624,0
36625,0
36626,0
36627,0
36628,0
36629,0
36630,0
36631,0
36632,0
36633,0
36634,0
36635,0
36636,0
36637,0
36638,0
36639,0
36640,0
36641,0
36642,0
36643,0
36644,0
36645,0
36646,0
36647,0
36648,1
36649,0
36650,0
36651,0
36652,0
36653,0
36654,0
36655,0
36656,0
36657,0
36658,0
36659,0
36660,0
36661,0
36662,0
36663,0
36664,1
36665,1
36666,0
36667,0
36668,0
36669,0
36670,0
36671,0
36672,0
36673,0
36674,0
36675,0
36676,1
36677,0
36678,0
36679,0
36680,0
36681,0
36682,0
36683,0
36684,0
36685,0
36686,0
36687,0
36688,0
36689,0
36690,0
36691,0
36692,1
36693,1
36694,1
36695,1
36696,0
36697,0
36698,0
36699,0
36700,0
36701,0
36702,0
36703,0
36704,0
36705,0
36706,0
36707,0
36708,0
36709,0
36710,0
36711,0
36712,0
36713,0
36714,0
36715,0
36716,0
36717,0
36718,0
36719,0
36720,0
36721,0
36722,0
36723,0
36724,0
36725,0
36726,0
36727,0
36728,0
36729,0
36730,0
36731,0
36732,0
36733,0
36734,0
36735,0
36736,0
36737,0
36738,1
36739,1
36740,1
36741,0
36742,0
36743,0
36744,0
36745,0
36746,0
36747,0
36748,0
36749,0
36750,0
36751,0
36752,0
36753,0
36754,0
36755,0
36756,0
36757,0
36758,0
36759,0
36760,1
36761,1
36762,1
36763,1
36764,0
36765,0
36766,0
36767,0
36768,0
36769,0
36770,0
36771,0
36772,0
36773,0
36774,0
36775,0
36776,0
36777,0
36778,0
36779,0
36780,0
36781,0
36782,0
36783,0
36784,0
36785,0
36786,0
36787,0
36788,0
36789,0
36790,0
36791,0
36792,0
36793,0
36794,0
36795,0
36796,0
36797,0
36798,0
36799,0
36800,0
36801,0
36802,0
36803,0
36804,0
36805,0
36806,0
36807,1
36808,1
36809,1
36810,0
36811,0
36812,0
36813,0
36814,0
36815,0
36816,0
36817,0
36818,0
36819,0
36820,0
36821,0
36822,0
36823,0
36824,0
36825,0
36826,1
36827,1
36828,1
36829,1
36830,0
36831,0
36832,0
36833,0
36834,0
36835,0
36836,0
36837,0
36838,0
36839,0
36840,0
36841,0
36842,0
36843,0
36844,0
36845,0
36846,0
36847,0
36848,0
36849,0
36850,0
36851,0
36852,0
36853,0
36854,0
36855,0
36856,0
36857,0
36858,0
36859,0
36860,0
36861,0
36862,0
36863,0
36864,1
36865,0
36866,0
36867,0
36868,0
36869,0
36870,0
36871,0
36872,0
36873,0
36874,1
36875,1
36876,1
36877,0
36878,0
36879,0
36880,0
36881,0
36882,0
36883,0
36884,0
36885,0
36886,0
36887,0
36888,0
36889,0
36890,0
36891,0
36892,0
36893,1
36894,1
36895,1
36896,1
36897,0
36898,0
36899,0
36900,0
36901,0
36902,0
36903,0
36904,0
36905,0
36906,0
36907,0
36908,0
36909,0
36910,0
36911,0
36912,0
36913,0
36914,0
36915,0
36916,0
36917,0
36918,0
36919,0
36920,0
36921,0
36922,0
36923,0
36924,0
36925,0
36926,0
36927,0
36928,0
36929,0
36930,0
36931,0
36932,0
36933,0
36934,0
36935,0
36936,0
36937,0
36938,0
36939,0
36940,0
36941,1
36942,1
36943,0
36944,0
36945,0
36946,0
36947,0
36948,0
36949,0
36950,0
36951,0
36952,0
36953,0
36954,0
36955,0
36956,0
36957,0
36958,0
36959,1
36960,1
36961,1
36962,1
36963,0
36964,0
36965,0
36966,0
36967,0
36968,0
36969,0
36970,0
36971,0
36972,0
36973,0
36974,0
36975,0
36976,0
36977,0
36978,0
36979,0
36980,0
36981,0
36982,0
36983,0
36984,0
36985,0
36986,0
36987,0
36988,0
36989,0
36990,0
36991,0
36992,0
36993,0
36994,0
36995,0
36996,0
36997,0
36998,0
36999,0
37000,0
37001,0
37002,0
37003,0
37004,0
37005,0
37006,0
37007,1
37008,1
37009,1
37010,0
37011,0
37012,0
37013,0
37014,0
37015,0
37016,0
37017,0
37018,0
37019,0
37020,0
37021,0
37022,0
37023,0
37024,0
37025,1
37026,1
37027,1
37028,1
37029,0
37030,0
37031,0
37032,0
37033,0
37034,0
37035,0
37036,0
37037,0
37038,0
37039,0
37040,0
37041,0
37042,0
37043,0
37044,0
37045,0
37046,0
37047,0
37048,0
37049,0
37050,0
37051,0
37052,1
37053,0
37054,0
37055,0
37056,0
37057,0
37058,0
37059,0
37060,0
37061,0
37062,0
37063,1
37064,0
37065,0
37066,0
37067,0
37068,0
37069,0
37070,0
37071,0
37072,0
37073,1
37074,1
37075,1
37076,0
37077,0
37078,0
37079,0
37080,0
37081,0
37082,0
37083,0
37084,0
37085,0
37086,0
37087,0
37088,0
37089,0
37090,0
37091,1
37092,1
37093,1
37094,1
37095,0
37096,0
37097,0
37098,1
37099,0
37100,0
37101,0
37102,0
37103,0
37104,0
37105,0
37106,0
37107,0
37108,0
37109,0
37110,0
37111,0
37112,0
37113,0
37114,0
37115,0
37116,0
37117,0
37118,0
37119,0
37120,0
37121,0
37122,0
37123,0
37124,0
37125,0
37126,0
37127,0
37128,0
37129,0
37130,0
37131,0
37132,0
37133,0
37134,0
37135,0
37136,0
37137,0
37138,0
37139,0
37140,1
37141,1
37142,0
37143,0
37144,0
37145,0
37146,0
37147,0
37148,0
37149,0
37150,0
37151,0
37152,0
37153,0
37154,0
37155,0
37156,0
37157,1
37158,1
37159,1
37160,1
37161,0
37162,0
37163,0
37164,0
37165,0
37166,0
37167,0
37168,0
37169,0
37170,0
37171,0
37172,0
37173,0
37174,0
37175,0
37176,0
37177,0
37178,0
37179,0
37180,0
37181,0
37182,0
37183,0
37184,1
37185,0
37186,0
37187,0
37188,0
37189,0
37190,0
37191,0
37192,0
37193,0
37194,0
37195,0
37196,0
37197,0
37198,0
37199,0
37200,0
37201,0
37202,0
37203,0
37204,0
37205,1
37206,1
37207,1
37208,0
37209,0
37210,0
37211,0
37212,0
37213,0
37214,0
37215,0
37216,0
37217,0
37218,0
37219,0
37220,0
37221,0
37222,0
37223,1
37224,1
37225,1
37226,0
37227,0
37228,0
37229,0
37230,0
37231,0
37232,0
37233,0
37234,0
37235,0
37236,0
37237,0
37238,0
37239,0
37240,0
37241,0
37242,0
37243,0
37244,0
37245,0
37246,0
37247,0
37248,0
37249,0
37250,1
37251,0
37252,0
37253,0
37254,0
37255,0
37256,0
37257,0
37258,0
37259,0
37260,0
37261,0
37262,0
37263,0
37264,0
37265,1
37266,0
37267,0
37268,0
37269,0
37270,0
37271,1
37272,1
37273,1
37274,0
37275,0
37276,0
37277,0
37278,0
37279,0
37280,0
37281,0
37282,0
37283,0
37284,0
37285,1
37286,1
37287,1
37288,1
37289,0
37290,0
37291,0
37292,0
37293,0
37294,0
37295,0
37296,0
37297,0
37298,0
37299,0
37300,0
37301,0
37302,0
37303,0
37304,0
37305,0
37306,0
37307,0
37308,0
37309,0
37310,0
37311,0
37312,0
37313,0
37314,0
37315,0
37316,0
37317,0
37318,0
37319,0
37320,0
37321,0
37322,0
37323,0
37324,0
37325,0
37326,0
37327,0
37328,0
37329,0
37330,0
37331,0
37332,0
37333,0
37334,1
37335,1
37336,1
37337,0
37338,0
37339,0
37340,0
37341,0
37342,0
37343,0
37344,0
37345,0
37346,0
37347,1
37348,0
37349,1
37350,0
37351,0
37352,0
37353,0
37354,0
37355,0
37356,0
37357,0
37358,0
37359,0
37360,0
37361,0
37362,0
37363,0
37364,0
37365,0
37366,0
37367,0
37368,0
37369,0
37370,0
37371,0
37372,0
37373,0
37374,0
37375,0
37376,0
37377,0
37378,0
37379,0
37380,0
37381,0
37382,0
37383,0
37384,0
37385,0
37386,0
37387,0
37388,0
37389,0
37390,0
37391,0
37392,0
37393,0
37394,0
37395,0
37396,1
37397,1
37398,0
37399,0
37400,0
37401,0
37402,0
37403,0
37404,0
37405,0
37406,0
37407,0
37408,0
37409,0
37410,0
37411,0
37412,0
37413,0
37414,0
37415,0
37416,0
37417,0
37418,0
37419,0
37420,0
37421,0
37422,0
37423,0
37424,0
37425,0
37426,0
37427,0
37428,0
37429,0
37430,0
37431,0
37432,0
37433,0
37434,0
37435,0
37436,0
37437,0
37438,0
37439,0
37440,0
37441,0
37442,0
37443,0
37444,0
37445,0
37446,0
37447,0
37448,0
37449,1
37450,0
37451,0
37452,0
37453,0
37454,0
37455,0
37456,0
37457,1
37458,1
37459,0
37460,0
37461,0
37462,0
37463,0
37464,0
37465,0
37466,0
37467,0
37468,0
37469,0
37470,0
37471,0
37472,0
37473,0
37474,0
37475,1
37476,0
37477,0
37478,0
37479,0
37480,0
37481,0
37482,0
37483,0
37484,0
37485,1
37486,0
37487,0
37488,0
37489,1
37490,0
37491,0
37492,0
37493,0
37494,0
37495,0
37496,0
37497,0
37498,0
37499,0
37500,0
37501,0
37502,0
37503,0
37504,0
37505,0
37506,1
37507,0
37508,0
37509,0
37510,0
37511,0
37512,0
37513,0
37514,1
37515,1
37516,0
37517,0
37518,0
37519,0
37520,0
37521,0
37522,0
37523,0
37524,0
37525,0
37526,0
37527,0
37528,0
37529,0
37530,0
37531,1
37532,1
37533,0
37534,0
37535,0
37536,0
37537,0
37538,0
37539,0
37540,0
37541,0
37542,0
37543,1
37544,0
37545,0
37546,0
37547,0
37548,0
37549,0
37550,0
37551,0
37552,0
37553,0
37554,0
37555,0
37556,0
37557,0
37558,0
37559,0
37560,0
37561,0
37562,0
37563,0
37564,0
37565,0
37566,0
37567,0
37568,0
37569,0
37570,0
37571,0
37572,1
37573,0
37574,0
37575,0
37576,0
37577,0
37578,0
37579,0
37580,0
37581,0
37582,0
37583,0
37584,0
37585,0
37586,0
37587,0
37588,1
37589,1
37590,0
37591,0
37592,0
37593,0
37594,0
37595,0
37596,0
37597,0
37598,0
37599,0
37600,1
37601,0
37602,0
37603,0
37604,0
37605,1
37606,0
37607,0
37608,0
37609,0
37610,0
37611,0
37612,0
37613,0
37614,0
37615,0
37616,0
37617,0
37618,0
37619,0
37620,0
37621,0
37622,0
37623,0
37624,0
37625,0
37626,0
37627,0
37628,0
37629,0
37630,1
37631,0
37632,0
37633,0
37634,0
37635,0
37636,0
37637,0
37638,0
37639,0
37640,0
37641,0
37642,0
37643,0
37644,0
37645,0
37646,1
37647,1
37648,0
37649,0
37650,0
37651,0
37652,0
37653,0
37654,0
37655,0
37656,0
37657,0
37658,0
37659,0
37660,0
37661,0
37662,0
37663,0
37664,0
37665,0
37666,0
37667,0
37668,0
37669,0
37670,0
37671,0
37672,0
37673,0
37674,0
37675,0
37676,0
37677,0
37678,0
37679,0
37680,0
37681,0
37682,0
37683,0
37684,0
37685,0
37686,0
37687,0
37688,0
37689,0
37690,0
37691,0
37692,0
37693,0
37694,0
37695,0
37696,0
37697,0
37698,0
37699,0
37700,0
37701,0
37702,0
37703,1
37704,1
37705,0
37706,0
37707,0
37708,0
37709,0
37710,0
37711,0
37712,0
37713,0
37714,1
37715,0
37716,0
37717,0
37718,0
37719,0
37720,0
37721,0
37722,0
37723,0
37724,0
37725,0
37726,0
37727,0
37728,0
37729,0
37730,0
37731,0
37732,0
37733,0
37734,0
37735,0
37736,0
37737,0
37738,0
37739,0
37740,0
37741,0
37742,0
37743,0
37744,0
37745,0
37746,0
37747,0
37748,0
37749,0
37750,0
37751,0
37752,0
37753,0
37754,0
37755,0
37756,0
37757,0
37758,0
37759,0
37760,0
37761,1
37762,1
37763,1
37764,0
37765,0
37766,0
37767,0
37768,0
37769,0
37770,0
37771,0
37772,1
37773,0
37774,0
37775,0
37776,0
37777,0
37778,0
37779,0
37780,0
37781,0
37782,0
37783,0
37784,0
37785,0
37786,0
37787,0
37788,0
37789,0
37790,0
37791,0
37792,0
37793,0
37794,0
37795,0
37796,0
37797,0
37798,0
37799,0
37800,0
37801,0
37802,0
37803,0
37804,0
37805,0
37806,0
37807,0
37808,0
37809,0
37810,0
37811,0
37812,0
37813,0
37814,0
37815,0
37816,0
37817,0
37818,1
37819,1
37820,1
37821,0
37822,0
37823,0
37824,0
37825,0
37826,0
37827,0
37828,0
37829,0
37830,0
37831,0
37832,0
37833,0
37834,0
37835,0
37836,0
37837,0
37838,0
37839,0
37840,0
37841,0
37842,0
37843,0
37844,0
37845,0
37846,0
37847,0
37848,0
37849,0
37850,0
37851,0
37852,0
37853,0
37854,0
37855,0
37856,0
37857,0
37858,0
37859,0
37860,0
37861,0
37862,0
37863,0
37864,0
37865,0
37866,0
37867,0
37868,0
37869,0
37870,0
37871,0
37872,0
37873,0
37874,0
37875,0
37876,0
37877,1
37878,1
37879,1
37880,0
37881,0
37882,0
37883,0
37884,0
37885,0
37886,0
37887,0
37888,1
37889,0
37890,0
37891,0
37892,0
37893,0
37894,0
37895,0
37896,1
37897,0
37898,0
37899,0
37900,0
37901,0
37902,0
37903,0
37904,0
37905,0
37906,0
37907,0
37908,0
37909,0
37910,0
37911,0
37912,0
37913,0
37914,0
37915,0
37916,0
37917,0
37918,0
37919,0
37920,0
37921,0
37922,0
37923,0
37924,0
37925,0
37926,0
37927,0
37928,0
37929,0
37930,0
37931,0
37932,0
37933,0
37934,0
37935,0
37936,1
37937,1
37938,1
37939,0
37940,0
37941,0
37942,0
37943,0
37944,0
37945,0
37946,0
37947,1
37948,0
37949,0
37950,0
37951,0
37952,0
37953,0
37954,0
37955,0
37956,0
37957,0
37958,0
37959,0
37960,0
37961,0
37962,0
37963,0
37964,0
37965,0
37966,0
37967,0
37968,0
37969,0
37970,0
37971,0
37972,0
37973,0
37974,0
37975,0
37976,0
37977,0
37978,0
37979,0
37980,0
37981,0
37982,0
37983,0
37984,0
37985,0
37986,0
37987,0
37988,0
37989,0
37990,0
37991,0
37992,0
37993,0
37994,0
37995,1
37996,1
37997,0
37998,0
37999,0
38000,0
38001,0
38002,0
38003,0
38004,0
38005,0
38006,0
38007,0
38008,0
38009,0
38010,0
38011,0
38012,0
38013,0
38014,0
38015,0
38016,0
38017,0
38018,0
38019,0
38020,0
38021,0
38022,0
38023,0
38024,0
38025,0
38026,0
38027,1
38028,0
38029,0
38030,0
38031,0
38032,0
38033,0
38034,0
38035,0
38036,0
38037,0
38038,0
38039,0
38040,0
38041,0
38042,0
38043,0
38044,0
38045,0
38046,0
38047,0
38048,0
38049,0
38050,0
38051,0
38052,0
38053,0
38054,0
38055,1
38056,0
38057,0
38058,0
38059,0
38060,0
38061,0
38062,0
38063,0
38064,0
38065,0
38066,0
38067,0
38068,0
38069,0
38070,0
38071,0
38072,0
38073,0
38074,0
38075,0
38076,0
38077,0
38078,0
38079,0
38080,0
38081,0
38082,0
38083,0
38084,0
38085,0
38086,0
38087,0
38088,0
38089,0
38090,0
38091,0
38092,0
38093,0
38094,0
38095,0
38096,0
38097,0
38098,0
38099,0
38100,0
38101,0
38102,0
38103,0
38104,0
38105,0
38106,0
38107,0
38108,0
38109,0
38110,0
38111,0
38112,0
38113,0
38114,0
38115,0
38116,0
38117,0
38118,0
38119,0
38120,0
38121,0
38122,0
38123,0
38124,0
38125,0
38126,0
38127,0
38128,0
38129,0
38130,0
38131,0
38132,0
38133,0
38134,0
38135,0
38136,0
38137,0
38138,0
38139,0
38140,0
38141,0
38142,0
38143,0
38144,0
38145,0
38146,0
38147,0
38148,0
38149,0
38150,0
38151,0
38152,0
38153,0
38154,0
38155,0
38156,0
38157,0
38158,0
38159,0
38160,0
38161,0
38162,0
38163,0
38164,0
38165,0
38166,0
38167,0
38168,0
38169,0
38170,0
38171,0
38172,0
38173,0
38174,0
38175,0
38176,0
38177,0
38178,0
38179,0
38180,0
38181,0
38182,0
38183,0
38184,1
38185,0
38186,0
38187,0
38188,0
38189,0
38190,0
38191,0
38192,0
38193,0
38194,0
38195,0
38196,0
38197,0
38198,0
38199,1
38200,0
38201,0
38202,0
38203,0
38204,0
38205,1
38206,0
38207,0
38208,0
38209,0
38210,0
38211,0
38212,0
38213,0
38214,0
38215,0
38216,0
38217,0
38218,0
38219,0
38220,0
38221,0
38222,0
38223,0
38224,0
38225,0
38226,0
38227,0
38228,0
38229,0
38230,0
38231,0
38232,0
38233,0
38234,0
38235,0
38236,0
38237,0
38238,0
38239,0
38240,0
38241,0
38242,0
38243,0
38244,0
38245,0
38246,0
38247,0
38248,0
38249,0
38250,0
38251,0
38252,0
38253,0
38254,0
38255,0
38256,0
38257,0
38258,0
38259,0
38260,0
38261,0
38262,0
38263,0
38264,1
38265,1
38266,0
38267,1
38268,0
38269,0
38270,0
38271,0
38272,0
38273,0
38274,0
38275,0
38276,0
38277,0
38278,0
38279,0
38280,0
38281,0
38282,0
38283,0
38284,0
38285,0
38286,0
38287,0
38288,0
38289,1
38290,0
38291,0
38292,0
38293,0
38294,0
38295,0
38296,0
38297,0
38298,0
38299,0
38300,0
38301,0
38302,0
38303,0
38304,0
38305,0
38306,0
38307,0
38308,0
38309,0
38310,0
38311,0
38312,0
38313,0
38314,0
38315,0
38316,0
38317,0
38318,0
38319,0
38320,0
38321,0
38322,0
38323,1
38324,1
38325,0
38326,0
38327,1
38328,0
38329,1
38330,0
38331,0
38332,0
38333,0
38334,0
38335,0
38336,0
38337,0
38338,0
38339,0
38340,0
38341,0
38342,0
38343,0
38344,0
38345,0
38346,0
38347,0
38348,0
38349,0
38350,0
38351,0
38352,0
38353,0
38354,0
38355,0
38356,0
38357,0
38358,0
38359,0
38360,0
38361,0
38362,0
38363,0
38364,0
38365,0
38366,0
38367,0
38368,0
38369,1
38370,0
38371,0
38372,0
38373,0
38374,0
38375,0
38376,0
38377,0
38378,0
38379,0
38380,0
38381,0
38382,0
38383,1
38384,1
38385,0
38386,1
38387,0
38388,0
38389,0
38390,0
38391,0
38392,0
38393,0
38394,0
38395,0
38396,0
38397,0
38398,0
38399,0
38400,0
38401,0
38402,0
38403,0
38404,0
38405,0
38406,0
38407,0
38408,0
38409,0
38410,0
38411,0
38412,0
38413,0
38414,0
38415,0
38416,0
38417,0
38418,0
38419,0
38420,0
38421,0
38422,0
38423,0
38424,0
38425,0
38426,0
38427,0
38428,0
38429,0
38430,0
38431,0
38432,0
38433,0
38434,0
38435,0
38436,0
38437,0
38438,0
38439,1
38440,0
38441,0
38442,0
38443,1
38444,1
38445,0
38446,0
38447,0
38448,0
38449,0
38450,0
38451,0
38452,0
38453,0
38454,0
38455,0
38456,0
38457,0
38458,0
38459,0
38460,0
38461,0
38462,0
38463,0
38464,0
38465,0
38466,0
38467,0
38468,0
38469,1
38470,0
38471,0
38472,0
38473,0
38474,0
38475,0
38476,0
38477,0
38478,0
38479,0
38480,1
38481,0
38482,0
38483,0
38484,0
38485,0
38486,0
38487,0
38488,0
38489,0
38490,0
38491,0
38492,1
38493,0
38494,0
38495,0
38496,0
38497,0
38498,0
38499,0
38500,0
38501,0
38502,0
38503,1
38504,1
38505,0
38506,0
38507,0
38508,0
38509,0
38510,0
38511,0
38512,0
38513,0
38514,0
38515,0
38516,0
38517,0
38518,0
38519,0
38520,0
38521,0
38522,0
38523,0
38524,0
38525,0
38526,0
38527,0
38528,0
38529,0
38530,0
38531,0
38532,0
38533,0
38534,0
38535,0
38536,0
38537,0
38538,0
38539,0
38540,0
38541,0
38542,0
38543,0
38544,0
38545,0
38546,0
38547,0
38548,0
38549,1
38550,1
38551,0
38552,0
38553,0
38554,0
38555,0
38556,0
38557,0
38558,0
38559,0
38560,0
38561,0
38562,0
38563,0
38564,1
38565,0
38566,0
38567,1
38568,0
38569,0
38570,0
38571,0
38572,0
38573,0
38574,0
38575,0
38576,0
38577,0
38578,0
38579,0
38580,0
38581,0
38582,0
38583,0
38584,0
38585,0
38586,0
38587,0
38588,0
38589,0
38590,0
38591,0
38592,0
38593,0
38594,0
38595,0
38596,0
38597,0
38598,0
38599,0
38600,0
38601,0
38602,0
38603,0
38604,0
38605,0
38606,0
38607,0
38608,0
38609,0
38610,0
38611,0
38612,0
38613,0
38614,0
38615,0
38616,0
38617,0
38618,0
38619,0
38620,0
38621,0
38622,0
38623,1
38624,1
38625,0
38626,0
38627,0
38628,0
38629,0
38630,0
38631,0
38632,0
38633,0
38634,0
38635,0
38636,0
38637,0
38638,0
38639,0
38640,0
38641,0
38642,0
38643,0
38644,0
38645,0
38646,0
38647,0
38648,0
38649,0
38650,0
38651,1
38652,0
38653,0
38654,0
38655,0
38656,0
38657,0
38658,0
38659,0
38660,0
38661,0
38662,0
38663,0
38664,0
38665,0
38666,0
38667,0
38668,0
38669,0
38670,0
38671,0
38672,0
38673,0
38674,0
38675,0
38676,0
38677,0
38678,0
38679,0
38680,0
38681,0
38682,0
38683,0
38684,1
38685,0
38686,0
38687,0
38688,0
38689,0
38690,1
38691,0
38692,0
38693,0
38694,0
38695,0
38696,0
38697,0
38698,0
38699,0
38700,0
38701,0
38702,0
38703,0
38704,0
38705,0
38706,0
38707,0
38708,0
38709,0
38710,0
38711,0
38712,0
38713,0
38714,0
38715,0
38716,0
38717,0
38718,0
38719,0
38720,0
38721,0
38722,0
38723,0
38724,0
38725,0
38726,0
38727,1
38728,0
38729,1
38730,0
38731,0
38732,0
38733,0
38734,0
38735,0
38736,0
38737,0
38738,0
38739,0
38740,0
38741,0
38742,0
38743,1
38744,0
38745,0
38746,0
38747,0
38748,1
38749,0
38750,0
38751,0
38752,0
38753,0
38754,0
38755,0
38756,0
38757,0
38758,0
38759,0
38760,0
38761,0
38762,0
38763,0
38764,0
38765,0
38766,0
38767,0
38768,0
38769,0
38770,0
38771,0
38772,0
38773,0
38774,0
38775,0
38776,0
38777,0
38778,0
38779,0
38780,0
38781,0
38782,0
38783,0
38784,0
38785,0
38786,0
38787,0
38788,0
38789,0
38790,0
38791,0
38792,0
38793,0
38794,0
38795,0
38796,0
38797,0
38798,0
38799,0
38800,0
38801,0
38802,0
38803,0
38804,1
38805,0
38806,0
38807,0
38808,0
38809,0
38810,0
38811,0
38812,0
38813,0
38814,0
38815,0
38816,0
38817,0
38818,0
38819,0
38820,0
38821,0
38822,0
38823,0
38824,0
38825,0
38826,0
38827,0
38828,0
38829,0
38830,0
38831,0
38832,0
38833,0
38834,0
38835,0
38836,0
38837,0
38838,0
38839,0
38840,0
38841,0
38842,0
38843,0
38844,0
38845,0
38846,0
38847,0
38848,0
38849,0
38850,0
38851,0
38852,0
38853,0
38854,0
38855,0
38856,0
38857,0
38858,0
38859,0
38860,0
38861,0
38862,0
38863,0
38864,0
38865,0
38866,0
38867,0
38868,0
38869,0
38870,0
38871,0
38872,0
38873,0
38874,0
38875,0
38876,0
38877,0
38878,0
38879,0
38880,0
38881,0
38882,0
38883,0
38884,0
38885,0
38886,0
38887,0
38888,0
38889,0
38890,0
38891,0
38892,1
38893,0
38894,0
38895,0
38896,0
38897,0
38898,0
38899,0
38900,0
38901,0
38902,0
38903,0
38904,0
38905,0
38906,0
38907,0
38908,0
38909,0
38910,0
38911,0
38912,0
38913,0
38914,0
38915,0
38916,0
38917,0
38918,0
38919,0
38920,0
38921,0
38922,0
38923,0
38924,0
38925,0
38926,0
38927,0
38928,0
38929,0
38930,0
38931,0
38932,0
38933,0
38934,0
38935,0
38936,0
38937,0
38938,0
38939,0
38940,0
38941,0
38942,0
38943,0
38944,0
38945,0
38946,0
38947,0
38948,0
38949,0
38950,0
38951,0
38952,0
38953,0
38954,0
38955,0
38956,0
38957,0
38958,0
38959,0
38960,0
38961,0
38962,0
38963,0
38964,0
38965,0
38966,0
38967,0
38968,0
38969,0
38970,0
38971,0
38972,0
38973,0
38974,0
38975,0
38976,0
38977,0
38978,0
38979,0
38980,0
38981,0
38982,0
38983,0
38984,0
38985,0
38986,0
38987,0
38988,0
38989,0
38990,0
38991,0
38992,0
38993,0
38994,0
38995,0
38996,0
38997,0
38998,0
38999,0
39000,0
39001,0
39002,0
39003,0
39004,0
39005,0
39006,0
39007,0
39008,0
39009,0
39010,0
39011,0
39012,0
39013,0
39014,0
39015,0
39016,0
39017,0
39018,0
39019,0
39020,0
39021,0
39022,0
39023,0
39024,0
39025,0
39026,0
39027,0
39028,0
39029,0
39030,0
39031,0
39032,0
39033,0
39034,0
39035,0
39036,0
39037,0
39038,0
39039,0
39040,0
39041,0
39042,0
39043,0
39044,0
39045,0
39046,1
39047,0
39048,0
39049,0
39050,0
39051,0
39052,0
39053,0
39054,0
39055,0
39056,0
39057,0
39058,0
39059,0
39060,0
39061,0
39062,0
39063,0
39064,0
39065,0
39066,0
39067,0
39068,0
39069,0
39070,0
39071,0
39072,0
39073,0
39074,0
39075,0
39076,0
39077,0
39078,0
39079,0
39080,0
39081,0
39082,0
39083,0
39084,0
39085,0
39086,0
39087,0
39088,0
39089,0
39090,0
39091,0
39092,0
39093,0
39094,0
39095,0
39096,0
39097,0
39098,0
39099,0
39100,0
39101,0
39102,0
39103,0
39104,0
39105,0
39106,0
39107,0
39108,0
39109,0
39110,0
39111,0
39112,0
39113,0
39114,0
39115,0
39116,0
39117,0
39118,0
39119,0
39120,0
39121,0
39122,0
39123,0
39124,0
39125,0
39126,0
39127,0
39128,0
39129,0
39130,0
39131,0
39132,0
39133,0
39134,0
39135,0
39136,0
39137,0
39138,0
39139,0
39140,0
39141,0
39142,0
39143,0
39144,0
39145,0
39146,0
39147,0
39148,0
39149,0
39150,0
39151,0
39152,0
39153,0
39154,0
39155,0
39156,0
39157,0
39158,0
39159,0
39160,0
39161,0
39162,0
39163,0
39164,0
39165,0
39166,0
39167,0
39168,0
39169,0
39170,0
39171,0
39172,0
39173,0
39174,0
39175,0
39176,0
39177,0
39178,0
39179,0
39180,0
39181,0
39182,0
39183,0
39184,0
39185,0
39186,0
39187,0
39188,0
39189,0
39190,0
39191,0
39192,0
39193,0
39194,0
39195,0
39196,0
39197,0
39198,0
39199,0
39200,0
39201,0
39202,0
39203,0
39204,0
39205,0
39206,0
39207,0
39208,0
39209,0
39210,0
39211,0
39212,0
39213,0
39214,0
39215,0
39216,0
39217,0
39218,0
39219,0
39220,0
39221,0
39222,0
39223,0
39224,0
39225,0
39226,0
39227,0
39228,0
39229,0
39230,0
39231,0
39232,1
39233,1
39234,0
39235,0
39236,0
39237,0
39238,0
39239,0
39240,0
39241,0
39242,0
39243,0
39244,0
39245,0
39246,0
39247,0
39248,0
39249,0
39250,0
39251,0
39252,0
39253,0
39254,0
39255,0
39256,0
39257,0
39258,0
39259,0
39260,0
39261,0
39262,0
39263,0
39264,0
39265,0
39266,0
39267,0
39268,0
39269,0
39270,0
39271,0
39272,0
39273,0
39274,0
39275,0
39276,0
39277,0
39278,0
39279,0
39280,0
39281,0
39282,0
39283,0
39284,0
39285,0
39286,0
39287,0
39288,0
39289,0
39290,0
39291,1
39292,1
39293,1
39294,0
39295,0
39296,0
39297,0
39298,0
39299,0
39300,0
39301,0
39302,0
39303,0
39304,0
39305,0
39306,0
39307,0
39308,0
39309,0
39310,0
39311,0
39312,0
39313,0
39314,0
39315,0
39316,0
39317,0
39318,0
39319,0
39320,0
39321,0
39322,0
39323,0
39324,0
39325,0
39326,0
39327,0
39328,0
39329,0
39330,0
39331,0
39332,0
39333,0
39334,0
39335,0
39336,0
39337,0
39338,0
39339,0
39340,0
39341,0
39342,0
39343,0
39344,0
39345,0
39346,0
39347,0
39348,0
39349,1
39350,1
39351,1
39352,1
39353,0
39354,0
39355,0
39356,0
39357,0
39358,0
39359,0
39360,0
39361,0
39362,0
39363,0
39364,0
39365,0
39366,0
39367,0
39368,0
39369,0
39370,0
39371,0
39372,0
39373,0
39374,0
39375,0
39376,0
39377,0
39378,0
39379,0
39380,0
39381,0
39382,0
39383,0
39384,0
39385,0
39386,0
39387,0
39388,0
39389,0
39390,0
39391,0
39392,0
39393,0
39394,0
39395,0
39396,0
39397,0
39398,0
39399,0
39400,0
39401,0
39402,0
39403,0
39404,0
39405,0
39406,0
39407,1
39408,1
39409,1
39410,1
39411,0
39412,0
39413,0
39414,0
39415,0
39416,0
39417,0
39418,0
39419,0
39420,0
39421,0
39422,0
39423,0
39424,0
39425,0
39426,0
39427,0
39428,0
39429,0
39430,0
39431,0
39432,0
39433,0
39434,0
39435,0
39436,0
39437,0
39438,0
39439,0
39440,0
39441,0
39442,0
39443,0
39444,0
39445,0
39446,0
39447,0
39448,0
39449,0
39450,0
39451,0
39452,0
39453,0
39454,0
39455,0
39456,0
39457,0
39458,0
39459,0
39460,0
39461,0
39462,0
39463,0
39464,0
39465,1
39466,1
39467,1
39468,1
39469,0
39470,0
39471,0
39472,0
39473,0
39474,0
39475,0
39476,0
39477,0
39478,0
39479,0
39480,0
39481,0
39482,0
39483,0
39484,0
39485,0
39486,0
39487,0
39488,0
39489,0
39490,0
39491,0
39492,0
39493,0
39494,0
39495,0
39496,0
39497,0
39498,0
39499,0
39500,0
39501,0
39502,0
39503,0
39504,0
39505,0
39506,0
39507,0
39508,0
39509,0
39510,0
39511,0
39512,0
39513,0
39514,0
39515,0
39516,0
39517,0
39518,0
39519,0
39520,0
39521,0
39522,1
39523,1
39524,1
39525,0
39526,1
39527,0
39528,0
39529,0
39530,0
39531,0
39532,0
39533,0
39534,0
39535,1
39536,0
39537,0
39538,0
39539,0
39540,0
39541,0
39542,0
39543,0
39544,0
39545,0
39546,0
39547,0
39548,0
39549,0
39550,0
39551,0
39552,0
39553,0
39554,0
39555,0
39556,0
39557,0
39558,0
39559,0
39560,0
39561,0
39562,0
39563,0
39564,0
39565,0
39566,0
39567,0
39568,0
39569,0
39570,0
39571,0
39572,0
39573,0
39574,0
39575,0
39576,0
39577,0
39578,0
39579,0
39580,1
39581,1
39582,1
39583,0
39584,0
39585,0
39586,0
39587,0
39588,0
39589,0
39590,0
39591,0
39592,0
39593,1
39594,1
39595,1
39596,0
39597,0
39598,0
39599,0
39600,0
39601,0
39602,0
39603,0
39604,0
39605,0
39606,0
39607,0
39608,0
39609,0
39610,0
39611,0
39612,0
39613,0
39614,0
39615,0
39616,0
39617,0
39618,0
39619,0
39620,0
39621,0
39622,0
39623,0
39624,0
39625,0
39626,0
39627,0
39628,0
39629,0
39630,0
39631,0
39632,0
39633,0
39634,0
39635,0
39636,0
39637,1
39638,1
39639,1
39640,0
39641,0
39642,0
39643,0
39644,0
39645,0
39646,0
39647,0
39648,0
39649,1
39650,1
39651,1
39652,1
39653,0
39654,0
39655,0
39656,0
39657,0
39658,0
39659,0
39660,0
39661,0
39662,0
39663,0
39664,0
39665,0
39666,0
39667,0
39668,0
39669,0
39670,0
39671,0
39672,0
39673,0
39674,0
39675,0
39676,0
39677,0
39678,0
39679,0
39680,0
39681,0
39682,0
39683,0
39684,0
39685,0
39686,0
39687,0
39688,0
39689,0
39690,0
39691,0
39692,0
39693,1
39694,1
39695,1
39696,0
39697,0
39698,0
39699,0
39700,0
39701,0
39702,0
39703,0
39704,0
39705,1
39706,1
39707,1
39708,1
39709,1
39710,0
39711,0
39712,0
39713,0
39714,0
39715,0
39716,0
39717,0
39718,0
39719,0
39720,0
39721,0
39722,0
39723,0
39724,0
39725,0
39726,0
39727,0
39728,0
39729,0
39730,0
39731,0
39732,0
39733,0
39734,0
39735,0
39736,0
39737,1
39738,1
39739,0
39740,0
39741,0
39742,0
39743,0
39744,0
39745,0
39746,0
39747,0
39748,0
39749,1
39750,1
39751,1
39752,0
39753,0
39754,0
39755,0
39756,0
39757,0
39758,0
39759,0
39760,0
39761,1
39762,1
39763,1
39764,1
39765,1
39766,0
39767,0
39768,0
39769,0
39770,0
39771,0
39772,0
39773,0
39774,1
39775,1
39776,0
39777,0
39778,0
39779,0
39780,0
39781,0
39782,0
39783,0
39784,0
39785,0
39786,0
39787,0
39788,0
39789,0
39790,0
39791,0
39792,1
39793,1
39794,1
39795,0
39796,0
39797,0
39798,1
39799,0
39800,0
39801,0
39802,0
39803,0
39804,1
39805,1
39806,1
39807,0
39808,0
39809,0
39810,0
39811,0
39812,0
39813,0
39814,0
39815,0
39816,0
39817,0
39818,1
39819,1
39820,1
39821,1
39822,1
39823,0
39824,0
39825,0
39826,0
39827,0
39828,0
39829,0
39830,1
39831,1
39832,1
39833,0
39834,0
39835,0
39836,0
39837,0
39838,0
39839,0
39840,0
39841,0
39842,0
39843,0
39844,0
39845,0
39846,1
39847,0
39848,1
39849,1
39850,1
39851,1
39852,0
39853,0
39854,1
39855,1
39856,0
39857,0
39858,0
39859,0
39860,1
39861,1
39862,1
39863,1
39864,0
39865,0
39866,0
39867,0
39868,0
39869,0
39870,0
39871,0
39872,0
39873,0
39874,1
39875,1
39876,1
39877,1
39878,1
39879,0
39880,0
39881,0
39882,0
39883,0
39884,0
39885,0
39886,1
39887,1
39888,1
39889,0
39890,0
39891,0
39892,0
39893,0
39894,0
39895,0
39896,0
39897,0
39898,0
39899,0
39900,0
39901,1
39902,1
39903,1
39904,1
39905,1
39906,1
39907,1
39908,1
39909,1
39910,1
39911,1
39912,0
39913,0
39914,0
39915,1
39916,1
39917,1
39918,1
39919,0
39920,0
39921,0
39922,0
39923,0
39924,0
39925,0
39926,0
39927,0
39928,1
39929,1
39930,1
39931,1
39932,1
39933,0
39934,0
39935,0
39936,0
39937,0
39938,0
39939,0
39940,0
39941,1
39942,1
39943,1
39944,1
39945,1
39946,0
39947,1
39948,0
39949,0
39950,0
39951,0
39952,0
39953,0
39954,0
39955,1
39956,1
39957,1
39958,1
39959,1
39960,1
39961,1
39962,1
39963,1
39964,1
39965,1
39966,1
39967,0
39968,1
39969,1
39970,1
39971,1
39972,1
39973,0
39974,0
39975,0
39976,0
39977,0
39978,0
39979,0
39980,0
39981,0
39982,0
39983,1
39984,1
39985,1
39986,1
39987,1
39988,0
39989,0
39990,0
39991,0
39992,0
39993,0
39994,0
39995,1
39996,1
39997,1
39998,1
39999,1
40000,1
40001,1
40002,0
40003,0
40004,0
40005,0
40006,0
40007,0
40008,0
40009,0
40010,1
40011,1
40012,1
40013,1
40014,1
40015,1
40016,1
40017,1
40018,1
40019,1
40020,1
40021,1
40022,1
40023,1
40024,1
40025,1
40026,1
40027,0
40028,0
40029,0
40030,0
40031,0
40032,0
40033,0
40034,0
40035,0
40036,0
40037,1
40038,1
40039,1
40040,1
40041,1
40042,0
40043,0
40044,0
40045,0
40046,0
40047,0
40048,0
40049,1
40050,1
40051,1
40052,1
40053,0
40054,1
40055,1
40056,0
40057,0
40058,0
40059,0
40060,0
40061,0
40062,0
40063,1
40064,1
40065,1
40066,1
40067,1
40068,1
40069,1
40070,1
40071,1
40072,1
40073,1
40074,1
40075,1
40076,1
40077,1
40078,1
40079,1
40080,1
40081,0
40082,0
40083,0
40084,0
40085,0
40086,0
40087,0
40088,0
40089,0
40090,1
40091,1
40092,1
40093,1
40094,0
40095,0
40096,0
40097,0
40098,0
40099,0
40100,0
40101,0
40102,1
40103,1
40104,0
40105,0
40106,0
40107,1
40108,0
40109,0
40110,0
40111,0
40112,0
40113,0
40114,0
40115,1
40116,1
40117,1
40118,1
40119,1
40120,0
40121,1
40122,1
40123,1
40124,1
40125,1
40126,1
40127,1
40128,1
40129,1
40130,1
40131,1
40132,1
40133,0
40134,0
40135,0
40136,0
40137,0
40138,0
40139,0
40140,0
40141,1
40142,1
40143,1
40144,1
40145,1
40146,0
40147,0
40148,0
40149,0
40150,0
40151,0
40152,0
40153,0
40154,0
40155,0
40156,0
40157,0
40158,0
40159,0
40160,0
40161,0
40162,0
40163,0
40164,0
40165,0
40166,0
40167,1
40168,1
40169,1
40170,1
40171,0
40172,0
40173,1
40174,1
40175,1
40176,1
40177,0
40178,1
40179,1
40180,1
40181,1
40182,1
40183,1
40184,0
40185,0
40186,0
40187,0
40188,0
40189,0
40190,0
40191,0
40192,0
40193,0
40194,1
40195,1
40196,1
40197,1
40198,1
40199,0
40200,0
40201,0
40202,0
40203,0
40204,0
40205,0
40206,0
40207,0
40208,0
40209,0
40210,0
40211,0
40212,0
40213,0
40214,0
40215,0
40216,0
40217,0
40218,0
40219,0
40220,1
40221,1
40222,1
40223,0
40224,0
40225,0
40226,1
40227,1
40228,0
40229,0
40230,0
40231,1
40232,1
40233,1
40234,1
40235,1
40236,1
40237,0
40238,0
40239,0
40240,0
40241,0
40242,0
40243,0
40244,0
40245,0
40246,1
40247,1
40248,1
40249,1
40250,0
40251,0
40252,0
40253,0
40254,0
40255,0
40256,0
40257,0
40258,0
40259,0
40260,0
40261,0
40262,0
40263,0
40264,0
40265,0
40266,0
40267,0
40268,0
40269,0
40270,0
40271,0
40272,1
40273,1
40274,0
40275,0
40276,0
40277,0
40278,0
40279,0
40280,0
40281,0
40282,0
40283,1
40284,1
40285,1
40286,1
40287,1
40288,0
40289,0
40290,0
40291,0
40292,0
40293,0
40294,0
40295,0
40296,0
40297,1
40298,1
40299,1
40300,0
40301,0
40302,0
40303,0
40304,0
40305,0
40306,0
40307,0
40308,0
40309,0
40310,0
40311,0
40312,0
40313,0
40314,0
40315,0
40316,1
40317,1
40318,0
40319,0
40320,0
40321,0
40322,0
40323,0
40324,0
40325,0
40326,0
40327,0
40328,1
40329,1
40330,1
40331,1
40332,0
40333,0
40334,0
40335,0
40336,0
40337,0
40338,0
40339,0
40340,0
40341,1
40342,1
40343,1
40344,0
40345,0
40346,0
40347,0
40348,0
40349,0
40350,0
40351,0
40352,0
40353,0
40354,0
40355,0
40356,0
40357,0
40358,0
40359,1
40360,0
40361,0
40362,0
40363,0
40364,0
40365,0
40366,0
40367,0
40368,0
40369,0
40370,0
40371,1
40372,1
40373,1
40374,1
40375,0
40376,0
40377,0
40378,0
40379,0
40380,0
40381,0
40382,0
40383,1
40384,1
40385,0
40386,0
40387,0
40388,0
40389,0
40390,0
40391,0
40392,0
40393,0
40394,0
40395,0
40396,0
40397,0
40398,0
40399,0
40400,1
40401,0
40402,0
40403,0
40404,0
40405,0
40406,0
40407,0
40408,0
40409,0
40410,0
40411,0
40412,1
40413,1
40414,1
40415,0
40416,0
40417,0
40418,0
40419,0
40420,0
40421,0
40422,0
40423,0
40424,0
40425,0
40426,0
40427,0
40428,0
40429,0
40430,0
40431,0
40432,0
40433,0
40434,0
40435,0
40436,0
40437,0
40438,0
40439,0
40440,0
40441,0
40442,0
40443,0
40444,0
40445,0
40446,0
40447,0
40448,0
40449,0
40450,0
40451,0
40452,1
40453,0
40454,0
40455,0
40456,0
40457,0
40458,0
40459,0
40460,0
40461,0
40462,0
40463,0
40464,0
40465,0
40466,0
40467,0
40468,0
40469,0
40470,0
40471,0
40472,0
40473,0
40474,0
40475,0
40476,0
40477,0
40478,0
40479,0
40480,0
40481,0
40482,0
40483,0
40484,0
40485,0
40486,0
40487,0
40488,0
40489,0
40490,0
40491,0
40492,0
40493,0
40494,0
40495,0
40496,0
40497,0
40498,0
40499,0
40500,0
40501,0
40502,0
40503,0
40504,0
40505,0
40506,0
40507,0
40508,0
40509,0
40510,0
40511,0
40512,0
40513,0
40514,0
40515,0
40516,0
40517,0
40518,0
40519,0
40520,0
40521,0
40522,0
40523,0
40524,0
40525,0
40526,0
40527,0
40528,0
40529,0
40530,0
40531,0
40532,0
40533,0
40534,0
40535,0
40536,0
40537,0
40538,0
40539,0
40540,0
40541,0
40542,0
40543,0
40544,0
40545,0
40546,0
40547,0
40548,0
40549,0
40550,0
40551,0
40552,0
40553,0
40554,0
40555,0
40556,0
40557,0
40558,0
40559,0
40560,0
40561,0
40562,0
40563,0
40564,0
40565,0
40566,0
40567,0
40568,0
40569,0
40570,0
40571,0
40572,0
40573,0
40574,0
40575,0
40576,0
40577,0
40578,0
40579,0
40580,0
40581,0
40582,0
40583,0
40584,0
40585,0
40586,0
40587,0
40588,0
40589,0
40590,0
40591,0
40592,0
40593,0
40594,0
40595,0
40596,0
40597,0
40598,0
40599,0
40600,0
40601,0
40602,0
40603,0
40604,0
40605,0
40606,0
40607,0
40608,0
40609,0
40610,0
40611,0
40612,0
40613,0
40614,0
40615,0
40616,0
40617,0
40618,0
40619,0
40620,0
40621,0
40622,0
40623,0
40624,0
40625,0
40626,0
40627,0
40628,0
40629,0
40630,0
40631,0
40632,0
40633,0
40634,0
40635,0
40636,0
40637,0
40638,0
40639,0
40640,0
40641,0
40642,0
40643,0
40644,0
40645,0
40646,0
40647,0
40648,0
40649,0
40650,0
40651,0
40652,0
40653,0
40654,0
40655,0
40656,0
40657,0
40658,0
40659,0
40660,0
40661,0
40662,0
40663,0
40664,0
40665,0
40666,0
40667,0
40668,0
40669,0
40670,0
40671,0
40672,0
40673,0
40674,0
40675,0
40676,0
40677,0
40678,0
40679,0
40680,0
40681,0
40682,0
40683,0
40684,0
40685,0
40686,0
40687,0
40688,0
40689,0
40690,0
40691,0
40692,0
40693,0
40694,0
40695,0
40696,0
40697,0
40698,0
40699,0
40700,0
40701,0
