PUID,SOLUTION
1,0
2,0
3,0
4,0
5,0
6,0
7,0
8,0
9,0
10,0
11,0
12,0
13,0
14,0
15,0
16,0
17,0
18,0
19,0
20,0
21,0
22,0
23,0
24,0
25,0
26,0
27,0
28,0
29,0
30,0
31,0
32,0
33,0
34,0
35,0
36,0
37,0
38,0
39,0
40,0
41,0
42,0
43,0
44,0
45,0
46,0
47,0
48,0
49,0
50,0
51,0
52,0
53,0
54,0
55,0
56,0
57,0
58,0
59,0
60,0
61,0
62,0
63,0
64,0
65,0
66,0
67,0
68,0
69,0
70,0
71,0
72,0
73,0
74,0
75,0
76,0
77,0
78,0
79,0
80,0
81,0
82,0
83,0
84,0
85,0
86,0
87,0
88,0
89,0
90,0
91,0
92,0
93,0
94,0
95,0
96,0
97,0
98,0
99,0
100,0
101,0
102,0
103,0
104,0
105,0
106,0
107,0
108,0
109,0
110,0
111,0
112,0
113,0
114,0
115,0
116,0
117,0
118,0
119,0
120,0
121,0
122,0
123,0
124,0
125,0
126,0
127,0
128,0
129,0
130,0
131,0
132,0
133,0
134,0
135,0
136,0
137,0
138,0
139,0
140,0
141,0
142,0
143,0
144,0
145,0
146,0
147,0
148,0
149,0
150,0
151,0
152,0
153,0
154,0
155,0
156,0
157,0
158,0
159,0
160,0
161,0
162,0
163,0
164,0
165,0
166,0
167,0
168,0
169,0
170,0
171,0
172,0
173,0
174,0
175,0
176,0
177,0
178,0
179,0
180,0
181,0
182,0
183,0
184,0
185,0
186,0
187,0
188,0
189,0
190,0
191,0
192,0
193,0
194,0
195,0
196,0
197,0
198,0
199,0
200,0
201,0
202,0
203,0
204,0
205,0
206,0
207,0
208,0
209,1
210,1
211,0
212,0
213,0
214,0
215,0
216,0
217,0
218,0
219,0
220,0
221,0
222,0
223,0
224,0
225,0
226,0
227,0
228,0
229,0
230,0
231,0
232,0
233,0
234,0
235,0
236,0
237,0
238,0
239,0
240,0
241,0
242,0
243,0
244,0
245,0
246,0
247,0
248,0
249,0
250,0
251,0
252,0
253,1
254,1
255,1
256,0
257,0
258,0
259,0
260,0
261,0
262,0
263,0
264,0
265,0
266,0
267,0
268,0
269,0
270,0
271,0
272,0
273,0
274,0
275,0
276,0
277,0
278,0
279,0
280,0
281,0
282,0
283,0
284,0
285,0
286,0
287,0
288,0
289,0
290,0
291,0
292,0
293,0
294,0
295,0
296,0
297,0
298,0
299,1
300,1
301,1
302,1
303,0
304,0
305,0
306,0
307,0
308,0
309,0
310,0
311,1
312,0
313,0
314,0
315,0
316,0
317,0
318,0
319,0
320,0
321,0
322,0
323,0
324,0
325,0
326,0
327,0
328,0
329,0
330,0
331,0
332,0
333,0
334,0
335,0
336,0
337,0
338,0
339,0
340,0
341,0
342,0
343,0
344,0
345,0
346,0
347,0
348,1
349,1
350,1
351,1
352,1
353,0
354,0
355,0
356,0
357,0
358,0
359,1
360,1
361,0
362,0
363,0
364,0
365,0
366,0
367,0
368,0
369,0
370,0
371,0
372,0
373,0
374,0
375,0
376,0
377,0
378,0
379,0
380,0
381,0
382,0
383,0
384,0
385,0
386,0
387,0
388,0
389,0
390,0
391,0
392,0
393,0
394,0
395,0
396,0
397,0
398,1
399,1
400,1
401,1
402,1
403,1
404,0
405,0
406,1
407,0
408,1
409,1
410,1
411,0
412,0
413,0
414,0
415,0
416,0
417,0
418,0
419,0
420,0
421,0
422,0
423,0
424,0
425,0
426,0
427,0
428,0
429,0
430,0
431,0
432,0
433,0
434,0
435,0
436,0
437,0
438,0
439,0
440,0
441,0
442,0
443,0
444,0
445,0
446,0
447,0
448,0
449,1
450,1
451,1
452,1
453,1
454,1
455,1
456,1
457,1
458,1
459,1
460,1
461,1
462,1
463,0
464,0
465,0
466,0
467,0
468,0
469,0
470,0
471,0
472,0
473,0
474,0
475,0
476,0
477,0
478,0
479,0
480,0
481,0
482,0
483,0
484,0
485,0
486,0
487,0
488,0
489,0
490,0
491,0
492,0
493,0
494,0
495,0
496,0
497,0
498,0
499,0
500,0
501,0
502,0
503,1
504,1
505,1
506,1
507,1
508,1
509,1
510,1
511,1
512,1
513,1
514,1
515,1
516,0
517,0
518,0
519,0
520,0
521,0
522,0
523,0
524,0
525,0
526,0
527,0
528,0
529,0
530,0
531,0
532,0
533,0
534,0
535,0
536,0
537,0
538,0
539,0
540,0
541,0
542,0
543,0
544,0
545,0
546,0
547,0
548,0
549,0
550,0
551,0
552,0
553,0
554,0
555,0
556,0
557,1
558,1
559,1
560,1
561,1
562,1
563,1
564,1
565,1
566,1
567,1
568,1
569,1
570,0
571,0
572,0
573,0
574,0
575,0
576,0
577,0
578,0
579,0
580,0
581,0
582,0
583,0
584,0
585,0
586,0
587,0
588,0
589,0
590,0
591,0
592,0
593,0
594,0
595,0
596,0
597,0
598,0
599,0
600,0
601,0
602,0
603,0
604,0
605,0
606,0
607,0
608,0
609,0
610,0
611,1
612,1
613,1
614,1
615,1
616,1
617,1
618,1
619,1
620,1
621,1
622,1
623,1
624,0
625,0
626,0
627,0
628,0
629,0
630,0
631,0
632,0
633,0
634,0
635,0
636,0
637,0
638,0
639,0
640,0
641,0
642,0
643,0
644,0
645,0
646,0
647,0
648,0
649,0
650,0
651,0
652,0
653,0
654,0
655,0
656,0
657,0
658,0
659,0
660,0
661,0
662,0
663,0
664,0
665,1
666,1
667,1
668,1
669,1
670,1
671,1
672,1
673,1
674,1
675,1
676,1
677,1
678,1
679,0
680,0
681,0
682,0
683,0
684,0
685,0
686,0
687,0
688,0
689,0
690,0
691,0
692,0
693,0
694,0
695,0
696,0
697,0
698,0
699,0
700,0
701,0
702,0
703,0
704,0
705,0
706,0
707,0
708,0
709,0
710,0
711,0
712,0
713,0
714,1
715,0
716,0
717,0
718,0
719,0
720,1
721,1
722,1
723,1
724,0
725,1
726,1
727,1
728,1
729,1
730,1
731,1
732,1
733,1
734,0
735,0
736,0
737,0
738,0
739,0
740,0
741,0
742,0
743,0
744,0
745,0
746,0
747,0
748,0
749,0
750,0
751,0
752,0
753,0
754,0
755,0
756,0
757,0
758,0
759,0
760,0
761,0
762,0
763,0
764,0
765,0
766,0
767,0
768,0
769,0
770,1
771,0
772,0
773,0
774,0
775,1
776,1
777,1
778,1
779,0
780,0
781,1
782,1
783,1
784,1
785,1
786,1
787,1
788,1
789,0
790,0
791,0
792,0
793,0
794,0
795,0
796,0
797,0
798,0
799,0
800,0
801,0
802,0
803,0
804,0
805,0
806,0
807,0
808,0
809,0
810,0
811,0
812,0
813,0
814,0
815,0
816,0
817,0
818,0
819,0
820,0
821,0
822,0
823,0
824,0
825,0
826,1
827,1
828,0
829,0
830,0
831,1
832,1
833,1
834,1
835,0
836,0
837,0
838,1
839,1
840,1
841,1
842,1
843,1
844,1
845,1
846,0
847,0
848,0
849,0
850,0
851,0
852,0
853,0
854,0
855,0
856,0
857,0
858,0
859,0
860,0
861,0
862,0
863,0
864,0
865,0
866,0
867,0
868,0
869,0
870,0
871,0
872,0
873,0
874,0
875,0
876,0
877,0
878,0
879,0
880,0
881,0
882,1
883,1
884,1
885,0
886,0
887,1
888,1
889,1
890,1
891,0
892,0
893,0
894,0
895,1
896,1
897,1
898,1
899,0
900,0
901,1
902,0
903,0
904,0
905,0
906,0
907,0
908,0
909,0
910,0
911,0
912,0
913,0
914,0
915,0
916,0
917,0
918,0
919,0
920,0
921,0
922,0
923,0
924,0
925,0
926,0
927,0
928,0
929,0
930,0
931,0
932,0
933,0
934,0
935,0
936,0
937,0
938,0
939,0
940,0
941,0
942,0
943,0
944,0
945,0
946,0
947,1
948,1
949,1
950,0
951,1
952,1
953,1
954,1
955,0
956,0
957,0
958,0
959,0
960,1
961,1
962,1
963,0
964,0
965,0
966,0
967,0
968,0
969,0
970,0
971,0
972,1
973,0
974,0
975,0
976,0
977,0
978,0
979,0
980,0
981,0
982,0
983,0
984,0
985,0
986,0
987,0
988,0
989,0
990,0
991,0
992,0
993,0
994,0
995,0
996,0
997,0
998,0
999,0
1000,0
1001,0
1002,0
1003,0
1004,0
1005,0
1006,0
1007,0
1008,0
1009,0
1010,0
1011,0
1012,0
1013,0
1014,0
1015,0
1016,1
1017,1
1018,1
1019,1
1020,1
1021,1
1022,1
1023,0
1024,0
1025,0
1026,0
1027,0
1028,1
1029,1
1030,1
1031,0
1032,0
1033,0
1034,0
1035,0
1036,0
1037,0
1038,0
1039,0
1040,0
1041,1
1042,0
1043,0
1044,0
1045,0
1046,0
1047,0
1048,0
1049,0
1050,0
1051,0
1052,0
1053,0
1054,0
1055,0
1056,0
1057,0
1058,0
1059,0
1060,0
1061,0
1062,0
1063,0
1064,0
1065,0
1066,0
1067,0
1068,0
1069,0
1070,0
1071,0
1072,0
1073,0
1074,0
1075,0
1076,0
1077,0
1078,0
1079,0
1080,0
1081,0
1082,0
1083,0
1084,0
1085,0
1086,0
1087,1
1088,1
1089,1
1090,1
1091,1
1092,1
1093,0
1094,0
1095,0
1096,0
1097,0
1098,0
1099,1
1100,1
1101,0
1102,0
1103,0
1104,0
1105,0
1106,0
1107,0
1108,0
1109,0
1110,0
1111,0
1112,0
1113,0
1114,0
1115,0
1116,0
1117,0
1118,0
1119,0
1120,0
1121,0
1122,0
1123,0
1124,0
1125,0
1126,0
1127,0
1128,0
1129,0
1130,0
1131,0
1132,0
1133,0
1134,0
1135,0
1136,0
1137,0
1138,0
1139,0
1140,0
1141,0
1142,0
1143,0
1144,0
1145,0
1146,0
1147,0
1148,0
1149,0
1150,0
1151,0
1152,0
1153,0
1154,0
1155,0
1156,0
1157,0
1158,0
1159,1
1160,1
1161,1
1162,1
1163,1
1164,1
1165,0
1166,0
1167,0
1168,0
1169,0
1170,0
1171,0
1172,1
1173,1
1174,0
1175,0
1176,0
1177,0
1178,0
1179,0
1180,0
1181,0
1182,0
1183,0
1184,0
1185,0
1186,0
1187,0
1188,0
1189,0
1190,0
1191,0
1192,0
1193,0
1194,0
1195,0
1196,0
1197,0
1198,0
1199,0
1200,0
1201,0
1202,0
1203,0
1204,0
1205,0
1206,0
1207,0
1208,0
1209,0
1210,0
1211,0
1212,0
1213,0
1214,0
1215,0
1216,0
1217,0
1218,0
1219,0
1220,0
1221,0
1222,0
1223,0
1224,0
1225,0
1226,0
1227,0
1228,0
1229,0
1230,0
1231,0
1232,1
1233,1
1234,1
1235,1
1236,1
1237,1
1238,0
1239,0
1240,0
1241,0
1242,0
1243,0
1244,0
1245,1
1246,0
1247,0
1248,0
1249,0
1250,0
1251,0
1252,0
1253,0
1254,0
1255,0
1256,0
1257,0
1258,0
1259,0
1260,0
1261,0
1262,0
1263,0
1264,0
1265,0
1266,0
1267,0
1268,0
1269,0
1270,0
1271,0
1272,0
1273,0
1274,0
1275,0
1276,0
1277,0
1278,0
1279,0
1280,0
1281,0
1282,0
1283,0
1284,0
1285,0
1286,0
1287,0
1288,0
1289,0
1290,0
1291,0
1292,0
1293,0
1294,0
1295,0
1296,0
1297,0
1298,0
1299,0
1300,0
1301,0
1302,0
1303,0
1304,0
1305,0
1306,0
1307,1
1308,1
1309,1
1310,1
1311,1
1312,0
1313,0
1314,0
1315,0
1316,0
1317,0
1318,0
1319,1
1320,1
1321,0
1322,0
1323,0
1324,0
1325,0
1326,0
1327,0
1328,0
1329,0
1330,0
1331,0
1332,0
1333,0
1334,0
1335,0
1336,0
1337,0
1338,0
1339,0
1340,0
1341,0
1342,0
1343,0
1344,0
1345,0
1346,0
1347,0
1348,0
1349,0
1350,0
1351,0
1352,0
1353,0
1354,1
1355,1
1356,0
1357,0
1358,0
1359,0
1360,0
1361,0
1362,0
1363,0
1364,0
1365,0
1366,0
1367,0
1368,0
1369,0
1370,0
1371,0
1372,0
1373,0
1374,0
1375,0
1376,0
1377,0
1378,0
1379,0
1380,0
1381,0
1382,0
1383,1
1384,1
1385,1
1386,1
1387,0
1388,0
1389,0
1390,0
1391,0
1392,0
1393,0
1394,0
1395,0
1396,0
1397,0
1398,0
1399,0
1400,0
1401,0
1402,0
1403,0
1404,0
1405,0
1406,0
1407,0
1408,0
1409,0
1410,0
1411,0
1412,0
1413,0
1414,0
1415,0
1416,0
1417,0
1418,0
1419,0
1420,0
1421,0
1422,0
1423,0
1424,0
1425,0
1426,0
1427,0
1428,0
1429,0
1430,1
1431,1
1432,1
1433,0
1434,0
1435,0
1436,0
1437,0
1438,0
1439,0
1440,0
1441,0
1442,0
1443,0
1444,0
1445,0
1446,0
1447,0
1448,0
1449,0
1450,0
1451,0
1452,0
1453,0
1454,0
1455,0
1456,0
1457,0
1458,0
1459,0
1460,0
1461,1
1462,1
1463,1
1464,0
1465,0
1466,0
1467,0
1468,0
1469,0
1470,0
1471,0
1472,0
1473,0
1474,0
1475,0
1476,0
1477,0
1478,0
1479,0
1480,0
1481,0
1482,0
1483,0
1484,0
1485,0
1486,0
1487,0
1488,0
1489,0
1490,0
1491,0
1492,0
1493,0
1494,0
1495,0
1496,0
1497,0
1498,0
1499,1
1500,1
1501,0
1502,0
1503,0
1504,0
1505,0
1506,0
1507,0
1508,1
1509,1
1510,0
1511,0
1512,0
1513,0
1514,0
1515,0
1516,0
1517,0
1518,0
1519,0
1520,0
1521,0
1522,0
1523,0
1524,0
1525,0
1526,0
1527,0
1528,0
1529,0
1530,0
1531,0
1532,0
1533,0
1534,0
1535,0
1536,0
1537,0
1538,0
1539,1
1540,1
1541,0
1542,0
1543,0
1544,0
1545,0
1546,0
1547,0
1548,0
1549,0
1550,0
1551,0
1552,0
1553,0
1554,0
1555,0
1556,0
1557,0
1558,0
1559,0
1560,0
1561,0
1562,0
1563,0
1564,0
1565,0
1566,0
1567,0
1568,0
1569,0
1570,0
1571,0
1572,0
1573,0
1574,0
1575,0
1576,1
1577,1
1578,0
1579,0
1580,0
1581,0
1582,0
1583,0
1584,0
1585,0
1586,0
1587,0
1588,0
1589,1
1590,1
1591,1
1592,0
1593,0
1594,0
1595,0
1596,0
1597,0
1598,0
1599,0
1600,1
1601,0
1602,0
1603,0
1604,0
1605,0
1606,0
1607,0
1608,0
1609,0
1610,0
1611,0
1612,0
1613,0
1614,0
1615,0
1616,0
1617,0
1618,0
1619,0
1620,0
1621,0
1622,1
1623,1
1624,0
1625,0
1626,0
1627,0
1628,0
1629,0
1630,0
1631,0
1632,0
1633,0
1634,0
1635,0
1636,0
1637,0
1638,0
1639,0
1640,0
1641,0
1642,0
1643,0
1644,0
1645,0
1646,0
1647,0
1648,0
1649,0
1650,0
1651,0
1652,0
1653,0
1654,0
1655,0
1656,0
1657,1
1658,1
1659,1
1660,1
1661,0
1662,0
1663,0
1664,0
1665,0
1666,0
1667,0
1668,0
1669,0
1670,0
1671,0
1672,0
1673,1
1674,1
1675,1
1676,1
1677,0
1678,0
1679,0
1680,0
1681,0
1682,0
1683,0
1684,0
1685,1
1686,0
1687,0
1688,0
1689,0
1690,0
1691,0
1692,0
1693,0
1694,0
1695,0
1696,0
1697,0
1698,0
1699,0
1700,0
1701,0
1702,0
1703,0
1704,0
1705,0
1706,0
1707,1
1708,0
1709,0
1710,0
1711,0
1712,0
1713,0
1714,0
1715,0
1716,0
1717,0
1718,0
1719,0
1720,0
1721,0
1722,0
1723,0
1724,0
1725,0
1726,0
1727,0
1728,0
1729,0
1730,0
1731,0
1732,0
1733,0
1734,0
1735,0
1736,0
1737,0
1738,0
1739,0
1740,0
1741,1
1742,1
1743,1
1744,1
1745,0
1746,0
1747,0
1748,0
1749,0
1750,0
1751,0
1752,0
1753,0
1754,0
1755,0
1756,0
1757,0
1758,0
1759,1
1760,1
1761,1
1762,1
1763,0
1764,0
1765,0
1766,0
1767,0
1768,0
1769,0
1770,1
1771,0
1772,0
1773,0
1774,0
1775,0
1776,0
1777,0
1778,0
1779,0
1780,0
1781,0
1782,0
1783,0
1784,0
1785,0
1786,0
1787,0
1788,0
1789,0
1790,0
1791,0
1792,0
1793,0
1794,1
1795,0
1796,0
1797,0
1798,0
1799,0
1800,0
1801,0
1802,0
1803,0
1804,0
1805,0
1806,0
1807,0
1808,0
1809,0
1810,0
1811,0
1812,0
1813,0
1814,0
1815,0
1816,0
1817,0
1818,0
1819,0
1820,0
1821,0
1822,0
1823,0
1824,0
1825,0
1826,0
1827,0
1828,1
1829,1
1830,1
1831,1
1832,0
1833,0
1834,0
1835,0
1836,0
1837,0
1838,0
1839,0
1840,0
1841,0
1842,0
1843,0
1844,0
1845,0
1846,0
1847,1
1848,1
1849,1
1850,0
1851,0
1852,0
1853,0
1854,0
1855,0
1856,0
1857,1
1858,0
1859,0
1860,0
1861,0
1862,0
1863,0
1864,0
1865,0
1866,0
1867,1
1868,0
1869,0
1870,0
1871,0
1872,0
1873,0
1874,0
1875,0
1876,0
1877,0
1878,0
1879,0
1880,0
1881,1
1882,0
1883,0
1884,0
1885,0
1886,0
1887,0
1888,0
1889,0
1890,0
1891,0
1892,1
1893,0
1894,0
1895,0
1896,0
1897,0
1898,0
1899,0
1900,0
1901,0
1902,0
1903,0
1904,0
1905,0
1906,0
1907,0
1908,0
1909,0
1910,0
1911,0
1912,0
1913,0
1914,0
1915,1
1916,1
1917,1
1918,1
1919,0
1920,0
1921,0
1922,0
1923,0
1924,0
1925,0
1926,0
1927,0
1928,0
1929,0
1930,0
1931,0
1932,0
1933,0
1934,0
1935,0
1936,1
1937,1
1938,0
1939,0
1940,0
1941,0
1942,0
1943,0
1944,0
1945,0
1946,1
1947,0
1948,0
1949,0
1950,0
1951,0
1952,0
1953,0
1954,0
1955,0
1956,0
1957,1
1958,0
1959,0
1960,0
1961,0
1962,0
1963,0
1964,0
1965,0
1966,0
1967,0
1968,0
1969,0
1970,0
1971,1
1972,0
1973,0
1974,0
1975,0
1976,0
1977,0
1978,0
1979,0
1980,0
1981,0
1982,1
1983,0
1984,0
1985,0
1986,0
1987,0
1988,0
1989,0
1990,0
1991,0
1992,0
1993,0
1994,0
1995,0
1996,0
1997,0
1998,0
1999,0
2000,0
2001,0
2002,0
2003,0
2004,1
2005,1
2006,1
2007,1
2008,1
2009,0
2010,0
2011,0
2012,0
2013,0
2014,0
2015,0
2016,0
2017,0
2018,0
2019,0
2020,0
2021,0
2022,0
2023,0
2024,0
2025,0
2026,0
2027,1
2028,0
2029,0
2030,0
2031,0
2032,0
2033,0
2034,0
2035,0
2036,1
2037,0
2038,0
2039,0
2040,0
2041,0
2042,0
2043,0
2044,0
2045,0
2046,0
2047,1
2048,1
2049,0
2050,0
2051,0
2052,0
2053,0
2054,0
2055,0
2056,0
2057,0
2058,0
2059,0
2060,0
2061,1
2062,0
2063,0
2064,0
2065,0
2066,0
2067,0
2068,0
2069,0
2070,0
2071,0
2072,1
2073,0
2074,0
2075,0
2076,0
2077,0
2078,0
2079,0
2080,0
2081,0
2082,0
2083,0
2084,0
2085,1
2086,0
2087,0
2088,0
2089,0
2090,0
2091,0
2092,0
2093,0
2094,0
2095,1
2096,1
2097,1
2098,1
2099,0
2100,0
2101,0
2102,0
2103,0
2104,0
2105,0
2106,0
2107,0
2108,0
2109,0
2110,0
2111,0
2112,0
2113,0
2114,0
2115,0
2116,0
2117,0
2118,0
2119,0
2120,0
2121,0
2122,0
2123,0
2124,0
2125,0
2126,0
2127,0
2128,1
2129,0
2130,0
2131,0
2132,0
2133,0
2134,0
2135,0
2136,0
2137,0
2138,0
2139,0
2140,1
2141,0
2142,0
2143,0
2144,0
2145,0
2146,0
2147,0
2148,0
2149,0
2150,0
2151,0
2152,0
2153,1
2154,1
2155,0
2156,0
2157,0
2158,0
2159,0
2160,0
2161,0
2162,0
2163,0
2164,1
2165,1
2166,0
2167,0
2168,0
2169,0
2170,0
2171,0
2172,0
2173,0
2174,0
2175,0
2176,0
2177,0
2178,0
2179,0
2180,0
2181,0
2182,0
2183,0
2184,0
2185,0
2186,0
2187,1
2188,1
2189,1
2190,1
2191,1
2192,0
2193,0
2194,0
2195,0
2196,0
2197,0
2198,0
2199,0
2200,0
2201,0
2202,0
2203,0
2204,0
2205,0
2206,0
2207,0
2208,0
2209,0
2210,0
2211,0
2212,0
2213,0
2214,0
2215,0
2216,0
2217,0
2218,0
2219,0
2220,0
2221,0
2222,0
2223,0
2224,0
2225,0
2226,0
2227,0
2228,0
2229,0
2230,0
2231,0
2232,1
2233,1
2234,0
2235,0
2236,0
2237,0
2238,0
2239,0
2240,0
2241,0
2242,0
2243,1
2244,0
2245,1
2246,1
2247,1
2248,0
2249,0
2250,0
2251,0
2252,0
2253,0
2254,0
2255,0
2256,0
2257,1
2258,1
2259,0
2260,0
2261,0
2262,0
2263,0
2264,0
2265,0
2266,0
2267,0
2268,0
2269,0
2270,0
2271,0
2272,0
2273,1
2274,0
2275,0
2276,0
2277,0
2278,0
2279,1
2280,1
2281,1
2282,1
2283,1
2284,0
2285,0
2286,0
2287,0
2288,0
2289,0
2290,0
2291,0
2292,0
2293,0
2294,0
2295,0
2296,0
2297,0
2298,0
2299,0
2300,0
2301,0
2302,0
2303,0
2304,0
2305,0
2306,0
2307,0
2308,0
2309,0
2310,0
2311,0
2312,0
2313,0
2314,0
2315,0
2316,0
2317,0
2318,0
2319,0
2320,0
2321,0
2322,0
2323,0
2324,0
2325,1
2326,1
2327,0
2328,0
2329,0
2330,0
2331,0
2332,0
2333,1
2334,0
2335,0
2336,0
2337,0
2338,1
2339,1
2340,1
2341,1
2342,0
2343,1
2344,0
2345,0
2346,0
2347,0
2348,0
2349,0
2350,0
2351,1
2352,1
2353,0
2354,0
2355,0
2356,0
2357,0
2358,0
2359,0
2360,0
2361,0
2362,0
2363,0
2364,0
2365,0
2366,0
2367,0
2368,0
2369,0
2370,0
2371,0
2372,1
2373,1
2374,1
2375,1
2376,1
2377,1
2378,0
2379,0
2380,0
2381,0
2382,0
2383,0
2384,0
2385,0
2386,0
2387,0
2388,0
2389,0
2390,0
2391,0
2392,0
2393,0
2394,0
2395,0
2396,0
2397,0
2398,0
2399,0
2400,0
2401,0
2402,0
2403,0
2404,0
2405,0
2406,0
2407,0
2408,0
2409,0
2410,0
2411,0
2412,0
2413,0
2414,0
2415,0
2416,0
2417,0
2418,0
2419,0
2420,0
2421,1
2422,0
2423,0
2424,0
2425,0
2426,0
2427,0
2428,0
2429,0
2430,0
2431,0
2432,0
2433,0
2434,1
2435,1
2436,1
2437,1
2438,1
2439,1
2440,0
2441,0
2442,0
2443,0
2444,0
2445,0
2446,1
2447,1
2448,0
2449,0
2450,0
2451,0
2452,0
2453,0
2454,0
2455,0
2456,0
2457,0
2458,0
2459,0
2460,0
2461,0
2462,0
2463,1
2464,0
2465,0
2466,0
2467,1
2468,1
2469,1
2470,1
2471,1
2472,1
2473,0
2474,0
2475,0
2476,0
2477,0
2478,0
2479,0
2480,0
2481,0
2482,0
2483,0
2484,0
2485,0
2486,0
2487,0
2488,0
2489,0
2490,0
2491,0
2492,0
2493,0
2494,0
2495,0
2496,0
2497,0
2498,0
2499,0
2500,0
2501,0
2502,0
2503,0
2504,0
2505,0
2506,0
2507,0
2508,0
2509,0
2510,0
2511,0
2512,0
2513,0
2514,0
2515,0
2516,1
2517,1
2518,0
2519,0
2520,0
2521,0
2522,0
2523,0
2524,0
2525,0
2526,0
2527,0
2528,0
2529,0
2530,1
2531,1
2532,1
2533,1
2534,1
2535,1
2536,0
2537,0
2538,0
2539,0
2540,0
2541,0
2542,1
2543,1
2544,0
2545,0
2546,0
2547,0
2548,0
2549,0
2550,0
2551,0
2552,0
2553,0
2554,0
2555,0
2556,0
2557,0
2558,0
2559,0
2560,0
2561,0
2562,1
2563,1
2564,1
2565,1
2566,1
2567,1
2568,1
2569,0
2570,0
2571,0
2572,0
2573,0
2574,0
2575,0
2576,0
2577,0
2578,0
2579,0
2580,0
2581,0
2582,0
2583,0
2584,0
2585,0
2586,0
2587,0
2588,0
2589,0
2590,0
2591,0
2592,0
2593,0
2594,0
2595,0
2596,0
2597,0
2598,0
2599,0
2600,0
2601,0
2602,0
2603,0
2604,0
2605,0
2606,0
2607,0
2608,0
2609,0
2610,0
2611,0
2612,1
2613,1
2614,0
2615,0
2616,0
2617,0
2618,0
2619,0
2620,0
2621,0
2622,0
2623,0
2624,0
2625,0
2626,0
2627,1
2628,1
2629,1
2630,1
2631,1
2632,1
2633,0
2634,0
2635,0
2636,0
2637,0
2638,1
2639,1
2640,0
2641,0
2642,0
2643,0
2644,0
2645,0
2646,0
2647,1
2648,0
2649,0
2650,0
2651,0
2652,0
2653,0
2654,0
2655,0
2656,0
2657,0
2658,1
2659,1
2660,1
2661,1
2662,1
2663,1
2664,1
2665,0
2666,0
2667,0
2668,0
2669,0
2670,0
2671,0
2672,0
2673,0
2674,0
2675,0
2676,0
2677,0
2678,0
2679,0
2680,0
2681,0
2682,0
2683,0
2684,0
2685,0
2686,0
2687,0
2688,0
2689,0
2690,0
2691,0
2692,0
2693,0
2694,0
2695,0
2696,0
2697,0
2698,0
2699,0
2700,0
2701,0
2702,0
2703,0
2704,0
2705,0
2706,0
2707,0
2708,1
2709,1
2710,1
2711,0
2712,0
2713,0
2714,0
2715,0
2716,0
2717,0
2718,0
2719,0
2720,0
2721,0
2722,0
2723,0
2724,1
2725,1
2726,1
2727,1
2728,1
2729,0
2730,0
2731,0
2732,0
2733,0
2734,1
2735,1
2736,1
2737,0
2738,0
2739,0
2740,0
2741,1
2742,0
2743,0
2744,0
2745,0
2746,0
2747,0
2748,0
2749,0
2750,0
2751,0
2752,0
2753,0
2754,0
2755,1
2756,1
2757,1
2758,1
2759,1
2760,1
2761,1
2762,0
2763,0
2764,0
2765,0
2766,0
2767,0
2768,0
2769,0
2770,0
2771,0
2772,0
2773,0
2774,0
2775,0
2776,0
2777,0
2778,0
2779,0
2780,0
2781,0
2782,0
2783,0
2784,0
2785,0
2786,0
2787,0
2788,0
2789,0
2790,0
2791,0
2792,0
2793,0
2794,0
2795,0
2796,0
2797,0
2798,0
2799,0
2800,0
2801,0
2802,0
2803,0
2804,0
2805,0
2806,1
2807,1
2808,1
2809,0
2810,0
2811,0
2812,0
2813,0
2814,0
2815,0
2816,0
2817,0
2818,0
2819,0
2820,0
2821,0
2822,0
2823,1
2824,1
2825,1
2826,1
2827,0
2828,0
2829,0
2830,0
2831,0
2832,1
2833,1
2834,1
2835,0
2836,0
2837,0
2838,0
2839,0
2840,1
2841,0
2842,0
2843,0
2844,0
2845,0
2846,0
2847,0
2848,0
2849,0
2850,0
2851,0
2852,0
2853,0
2854,1
2855,1
2856,1
2857,1
2858,1
2859,1
2860,0
2861,0
2862,0
2863,0
2864,0
2865,0
2866,0
2867,0
2868,0
2869,0
2870,0
2871,0
2872,0
2873,0
2874,0
2875,0
2876,0
2877,0
2878,0
2879,0
2880,1
2881,1
2882,0
2883,0
2884,0
2885,0
2886,0
2887,0
2888,0
2889,0
2890,0
2891,0
2892,0
2893,0
2894,0
2895,0
2896,0
2897,0
2898,0
2899,0
2900,0
2901,0
2902,0
2903,0
2904,0
2905,1
2906,1
2907,1
2908,1
2909,0
2910,0
2911,0
2912,0
2913,0
2914,0
2915,0
2916,0
2917,0
2918,0
2919,0
2920,0
2921,0
2922,0
2923,1
2924,1
2925,1
2926,0
2927,0
2928,0
2929,0
2930,0
2931,0
2932,1
2933,1
2934,1
2935,0
2936,0
2937,0
2938,0
2939,1
2940,1
2941,0
2942,0
2943,0
2944,0
2945,0
2946,0
2947,0
2948,0
2949,0
2950,0
2951,0
2952,0
2953,0
2954,1
2955,1
2956,1
2957,1
2958,1
2959,1
2960,0
2961,0
2962,0
2963,0
2964,0
2965,0
2966,0
2967,0
2968,0
2969,0
2970,0
2971,0
2972,0
2973,0
2974,0
2975,0
2976,0
2977,0
2978,0
2979,0
2980,1
2981,1
2982,1
2983,1
2984,0
2985,0
2986,0
2987,0
2988,0
2989,0
2990,0
2991,0
2992,0
2993,0
2994,0
2995,0
2996,0
2997,0
2998,0
2999,0
3000,0
3001,0
3002,0
3003,0
3004,0
3005,1
3006,1
3007,1
3008,1
3009,0
3010,0
3011,0
3012,0
3013,0
3014,0
3015,0
3016,0
3017,0
3018,0
3019,0
3020,0
3021,0
3022,0
3023,0
3024,1
3025,1
3026,0
3027,0
3028,0
3029,0
3030,0
3031,0
3032,1
3033,1
3034,1
3035,1
3036,0
3037,0
3038,0
3039,0
3040,1
3041,0
3042,0
3043,1
3044,0
3045,0
3046,0
3047,0
3048,0
3049,0
3050,0
3051,0
3052,0
3053,0
3054,0
3055,1
3056,1
3057,1
3058,1
3059,1
3060,0
3061,0
3062,0
3063,0
3064,0
3065,0
3066,0
3067,0
3068,0
3069,0
3070,0
3071,0
3072,0
3073,0
3074,0
3075,0
3076,0
3077,0
3078,0
3079,0
3080,0
3081,0
3082,1
3083,1
3084,1
3085,1
3086,0
3087,0
3088,0
3089,0
3090,0
3091,0
3092,0
3093,0
3094,0
3095,0
3096,0
3097,0
3098,0
3099,0
3100,0
3101,0
3102,0
3103,0
3104,0
3105,0
3106,1
3107,1
3108,1
3109,1
3110,0
3111,0
3112,0
3113,0
3114,0
3115,0
3116,0
3117,0
3118,0
3119,0
3120,0
3121,0
3122,0
3123,0
3124,0
3125,0
3126,1
3127,1
3128,0
3129,0
3130,1
3131,0
3132,0
3133,0
3134,1
3135,1
3136,1
3137,1
3138,0
3139,0
3140,0
3141,0
3142,0
3143,1
3144,0
3145,1
3146,0
3147,0
3148,0
3149,0
3150,0
3151,0
3152,0
3153,0
3154,0
3155,0
3156,0
3157,1
3158,0
3159,1
3160,1
3161,1
3162,0
3163,0
3164,0
3165,0
3166,0
3167,0
3168,0
3169,0
3170,0
3171,0
3172,0
3173,0
3174,0
3175,0
3176,0
3177,0
3178,0
3179,0
3180,0
3181,0
3182,0
3183,1
3184,1
3185,1
3186,1
3187,1
3188,0
3189,0
3190,0
3191,0
3192,0
3193,0
3194,0
3195,0
3196,0
3197,0
3198,0
3199,0
3200,0
3201,0
3202,0
3203,0
3204,0
3205,0
3206,0
3207,1
3208,1
3209,1
3210,1
3211,1
3212,0
3213,0
3214,0
3215,0
3216,0
3217,0
3218,0
3219,0
3220,0
3221,0
3222,0
3223,0
3224,0
3225,0
3226,0
3227,1
3228,1
3229,0
3230,0
3231,0
3232,0
3233,0
3234,0
3235,1
3236,1
3237,1
3238,1
3239,1
3240,0
3241,0
3242,0
3243,0
3244,0
3245,0
3246,1
3247,1
3248,0
3249,0
3250,0
3251,0
3252,0
3253,0
3254,0
3255,0
3256,0
3257,0
3258,0
3259,0
3260,0
3261,1
3262,1
3263,0
3264,0
3265,0
3266,0
3267,0
3268,0
3269,0
3270,0
3271,0
3272,0
3273,0
3274,0
3275,0
3276,0
3277,0
3278,0
3279,0
3280,0
3281,0
3282,0
3283,0
3284,0
3285,0
3286,1
3287,1
3288,1
3289,1
3290,1
3291,1
3292,1
3293,0
3294,0
3295,0
3296,0
3297,0
3298,0
3299,0
3300,0
3301,0
3302,0
3303,0
3304,0
3305,0
3306,0
3307,0
3308,0
3309,1
3310,1
3311,1
3312,1
3313,1
3314,0
3315,0
3316,0
3317,0
3318,0
3319,0
3320,0
3321,0
3322,0
3323,0
3324,0
3325,0
3326,0
3327,0
3328,0
3329,0
3330,1
3331,1
3332,0
3333,0
3334,1
3335,0
3336,0
3337,0
3338,1
3339,1
3340,1
3341,1
3342,1
3343,1
3344,1
3345,0
3346,0
3347,0
3348,0
3349,1
3350,0
3351,0
3352,0
3353,0
3354,0
3355,0
3356,0
3357,0
3358,0
3359,0
3360,0
3361,0
3362,0
3363,0
3364,1
3365,1
3366,0
3367,0
3368,0
3369,0
3370,0
3371,0
3372,0
3373,0
3374,0
3375,0
3376,0
3377,0
3378,0
3379,0
3380,0
3381,0
3382,0
3383,0
3384,0
3385,0
3386,0
3387,0
3388,1
3389,1
3390,1
3391,1
3392,1
3393,1
3394,1
3395,1
3396,0
3397,0
3398,0
3399,0
3400,0
3401,0
3402,0
3403,0
3404,0
3405,0
3406,0
3407,0
3408,0
3409,0
3410,0
3411,0
3412,1
3413,1
3414,1
3415,1
3416,1
3417,0
3418,0
3419,0
3420,0
3421,0
3422,0
3423,0
3424,0
3425,0
3426,0
3427,0
3428,0
3429,0
3430,0
3431,0
3432,1
3433,1
3434,0
3435,0
3436,0
3437,0
3438,0
3439,0
3440,1
3441,1
3442,1
3443,1
3444,1
3445,1
3446,1
3447,1
3448,0
3449,0
3450,0
3451,0
3452,1
3453,0
3454,0
3455,0
3456,0
3457,0
3458,0
3459,0
3460,0
3461,0
3462,0
3463,0
3464,0
3465,0
3466,0
3467,1
3468,0
3469,0
3470,0
3471,0
3472,0
3473,0
3474,0
3475,0
3476,0
3477,0
3478,0
3479,0
3480,0
3481,0
3482,0
3483,0
3484,0
3485,0
3486,0
3487,0
3488,0
3489,0
3490,0
3491,0
3492,1
3493,1
3494,1
3495,1
3496,1
3497,1
3498,1
3499,1
3500,0
3501,0
3502,0
3503,0
3504,0
3505,0
3506,0
3507,0
3508,0
3509,0
3510,0
3511,0
3512,0
3513,0
3514,0
3515,1
3516,1
3517,1
3518,1
3519,1
3520,0
3521,0
3522,0
3523,0
3524,0
3525,1
3526,0
3527,0
3528,0
3529,0
3530,0
3531,0
3532,0
3533,0
3534,0
3535,0
3536,1
3537,1
3538,0
3539,0
3540,0
3541,0
3542,0
3543,0
3544,1
3545,1
3546,1
3547,1
3548,1
3549,1
3550,1
3551,1
3552,0
3553,0
3554,0
3555,1
3556,0
3557,0
3558,0
3559,0
3560,0
3561,0
3562,0
3563,0
3564,0
3565,0
3566,0
3567,0
3568,0
3569,0
3570,0
3571,1
3572,0
3573,0
3574,0
3575,0
3576,0
3577,0
3578,0
3579,0
3580,0
3581,0
3582,0
3583,0
3584,0
3585,0
3586,0
3587,0
3588,0
3589,0
3590,0
3591,0
3592,0
3593,0
3594,0
3595,1
3596,1
3597,1
3598,1
3599,1
3600,1
3601,1
3602,1
3603,1
3604,0
3605,0
3606,0
3607,0
3608,0
3609,0
3610,0
3611,0
3612,0
3613,0
3614,0
3615,0
3616,0
3617,0
3618,0
3619,1
3620,1
3621,1
3622,1
3623,0
3624,0
3625,0
3626,0
3627,0
3628,0
3629,0
3630,0
3631,0
3632,0
3633,0
3634,0
3635,0
3636,0
3637,0
3638,0
3639,1
3640,1
3641,1
3642,0
3643,0
3644,0
3645,0
3646,0
3647,1
3648,1
3649,1
3650,1
3651,1
3652,1
3653,1
3654,1
3655,0
3656,0
3657,0
3658,0
3659,1
3660,0
3661,0
3662,0
3663,0
3664,0
3665,1
3666,0
3667,1
3668,0
3669,0
3670,0
3671,0
3672,0
3673,0
3674,1
3675,1
3676,0
3677,0
3678,0
3679,0
3680,0
3681,0
3682,0
3683,0
3684,0
3685,0
3686,0
3687,0
3688,0
3689,0
3690,0
3691,0
3692,1
3693,0
3694,1
3695,0
3696,0
3697,0
3698,0
3699,1
3700,1
3701,1
3702,1
3703,1
3704,1
3705,1
3706,1
3707,1
3708,0
3709,0
3710,0
3711,0
3712,0
3713,0
3714,0
3715,0
3716,0
3717,0
3718,0
3719,0
3720,0
3721,0
3722,0
3723,1
3724,1
3725,1
3726,1
3727,0
3728,0
3729,0
3730,0
3731,0
3732,0
3733,0
3734,0
3735,0
3736,0
3737,0
3738,0
3739,1
3740,0
3741,0
3742,0
3743,0
3744,1
3745,1
3746,0
3747,1
3748,0
3749,0
3750,0
3751,0
3752,1
3753,1
3754,1
3755,1
3756,1
3757,1
3758,1
3759,1
3760,0
3761,0
3762,0
3763,0
3764,1
3765,0
3766,0
3767,0
3768,0
3769,1
3770,1
3771,1
3772,0
3773,0
3774,0
3775,0
3776,0
3777,0
3778,0
3779,1
3780,0
3781,0
3782,0
3783,0
3784,0
3785,0
3786,0
3787,0
3788,0
3789,0
3790,0
3791,0
3792,0
3793,0
3794,1
3795,1
3796,1
3797,1
3798,1
3799,1
3800,0
3801,0
3802,0
3803,1
3804,1
3805,1
3806,1
3807,1
3808,1
3809,1
3810,1
3811,1
3812,1
3813,0
3814,0
3815,0
3816,0
3817,0
3818,0
3819,0
3820,0
3821,0
3822,0
3823,0
3824,0
3825,0
3826,0
3827,1
3828,1
3829,1
3830,1
3831,1
3832,0
3833,0
3834,0
3835,0
3836,0
3837,0
3838,0
3839,1
3840,0
3841,0
3842,0
3843,0
3844,0
3845,0
3846,0
3847,0
3848,1
3849,1
3850,0
3851,0
3852,0
3853,0
3854,0
3855,0
3856,1
3857,1
3858,1
3859,1
3860,1
3861,1
3862,1
3863,1
3864,1
3865,0
3866,0
3867,0
3868,1
3869,0
3870,0
3871,0
3872,0
3873,0
3874,1
3875,1
3876,1
3877,0
3878,0
3879,0
3880,0
3881,0
3882,0
3883,1
3884,1
3885,0
3886,0
3887,0
3888,0
3889,0
3890,0
3891,0
3892,0
3893,0
3894,0
3895,0
3896,0
3897,0
3898,1
3899,1
3900,1
3901,1
3902,1
3903,1
3904,1
3905,0
3906,0
3907,0
3908,1
3909,1
3910,1
3911,1
3912,1
3913,1
3914,1
3915,1
3916,1
3917,1
3918,0
3919,0
3920,0
3921,0
3922,0
3923,0
3924,0
3925,0
3926,0
3927,0
3928,0
3929,0
3930,0
3931,0
3932,0
3933,1
3934,1
3935,1
3936,1
3937,0
3938,0
3939,0
3940,0
3941,0
3942,0
3943,0
3944,0
3945,0
3946,0
3947,0
3948,0
3949,1
3950,0
3951,0
3952,0
3953,0
3954,1
3955,0
3956,0
3957,0
3958,0
3959,0
3960,0
3961,0
3962,1
3963,1
3964,1
3965,1
3966,1
3967,1
3968,1
3969,1
3970,0
3971,0
3972,0
3973,0
3974,0
3975,0
3976,0
3977,0
3978,0
3979,1
3980,1
3981,1
3982,0
3983,0
3984,1
3985,1
3986,0
3987,0
3988,0
3989,1
3990,0
3991,0
3992,0
3993,0
3994,0
3995,0
3996,0
3997,0
3998,0
3999,0
4000,0
4001,0
4002,0
4003,1
4004,1
4005,1
4006,1
4007,1
4008,1
4009,1
4010,1
4011,0
4012,0
4013,0
4014,0
4015,0
4016,0
4017,0
4018,1
4019,1
4020,1
4021,1
4022,1
4023,1
4024,1
4025,1
4026,1
4027,1
4028,0
4029,0
4030,0
4031,0
4032,1
4033,0
4034,0
4035,0
4036,0
4037,0
4038,0
4039,0
4040,0
4041,0
4042,0
4043,1
4044,0
4045,0
4046,0
4047,0
4048,0
4049,0
4050,0
4051,1
4052,1
4053,0
4054,0
4055,0
4056,0
4057,0
4058,0
4059,0
4060,0
4061,0
4062,0
4063,1
4064,1
4065,0
4066,0
4067,0
4068,0
4069,0
4070,0
4071,1
4072,1
4073,1
4074,1
4075,1
4076,1
4077,1
4078,1
4079,1
4080,0
4081,0
4082,0
4083,0
4084,0
4085,0
4086,0
4087,0
4088,0
4089,1
4090,1
4091,1
4092,0
4093,1
4094,1
4095,1
4096,0
4097,0
4098,1
4099,1
4100,0
4101,0
4102,0
4103,0
4104,0
4105,0
4106,0
4107,0
4108,0
4109,0
4110,0
4111,0
4112,1
4113,1
4114,1
4115,1
4116,1
4117,1
4118,1
4119,1
4120,1
4121,0
4122,0
4123,0
4124,0
4125,0
4126,0
4127,0
4128,0
4129,1
4130,1
4131,1
4132,1
4133,1
4134,1
4135,1
4136,1
4137,1
4138,1
4139,1
4140,0
4141,0
4142,0
4143,0
4144,0
4145,0
4146,0
4147,0
4148,0
4149,0
4150,0
4151,0
4152,0
4153,0
4154,0
4155,0
4156,0
4157,0
4158,0
4159,0
4160,0
4161,0
4162,0
4163,1
4164,0
4165,0
4166,0
4167,0
4168,0
4169,0
4170,1
4171,0
4172,0
4173,0
4174,0
4175,1
4176,0
4177,0
4178,0
4179,0
4180,0
4181,0
4182,0
4183,1
4184,1
4185,1
4186,1
4187,1
4188,1
4189,1
4190,1
4191,0
4192,0
4193,0
4194,0
4195,0
4196,0
4197,0
4198,0
4199,0
4200,0
4201,1
4202,1
4203,1
4204,1
4205,1
4206,1
4207,1
4208,1
4209,1
4210,1
4211,0
4212,0
4213,0
4214,0
4215,0
4216,0
4217,0
4218,0
4219,0
4220,0
4221,0
4222,0
4223,1
4224,1
4225,1
4226,1
4227,1
4228,1
4229,1
4230,1
4231,1
4232,1
4233,1
4234,1
4235,0
4236,0
4237,0
4238,0
4239,0
4240,0
4241,0
4242,1
4243,1
4244,1
4245,1
4246,1
4247,1
4248,1
4249,1
4250,1
4251,1
4252,1
4253,1
4254,0
4255,0
4256,0
4257,0
4258,0
4259,0
4260,0
4261,0
4262,0
4263,0
4264,0
4265,0
4266,0
4267,0
4268,0
4269,0
4270,0
4271,0
4272,0
4273,0
4274,0
4275,0
4276,1
4277,1
4278,0
4279,0
4280,0
4281,0
4282,0
4283,1
4284,1
4285,0
4286,0
4287,0
4288,1
4289,1
4290,0
4291,0
4292,1
4293,1
4294,0
4295,0
4296,1
4297,1
4298,1
4299,1
4300,1
4301,1
4302,1
4303,1
4304,1
4305,0
4306,0
4307,0
4308,0
4309,0
4310,0
4311,0
4312,0
4313,0
4314,0
4315,1
4316,1
4317,1
4318,1
4319,1
4320,1
4321,1
4322,1
4323,1
4324,1
4325,0
4326,0
4327,0
4328,0
4329,0
4330,0
4331,0
4332,0
4333,0
4334,0
4335,0
4336,1
4337,1
4338,1
4339,1
4340,1
4341,1
4342,1
4343,1
4344,1
4345,1
4346,1
4347,1
4348,1
4349,0
4350,0
4351,0
4352,0
4353,0
4354,0
4355,0
4356,0
4357,1
4358,1
4359,1
4360,1
4361,1
4362,1
4363,1
4364,1
4365,1
4366,1
4367,1
4368,1
4369,0
4370,0
4371,0
4372,0
4373,0
4374,0
4375,0
4376,0
4377,0
4378,0
4379,0
4380,0
4381,0
4382,0
4383,0
4384,0
4385,0
4386,0
4387,0
4388,0
4389,0
4390,1
4391,1
4392,1
4393,0
4394,0
4395,0
4396,0
4397,0
4398,1
4399,0
4400,0
4401,0
4402,1
4403,1
4404,0
4405,0
4406,1
4407,1
4408,1
4409,1
4410,1
4411,1
4412,1
4413,1
4414,1
4415,1
4416,1
4417,1
4418,1
4419,0
4420,0
4421,0
4422,0
4423,0
4424,0
4425,0
4426,0
4427,0
4428,0
4429,0
4430,1
4431,1
4432,1
4433,1
4434,1
4435,1
4436,1
4437,1
4438,1
4439,1
4440,0
4441,0
4442,0
4443,0
4444,0
4445,0
4446,0
4447,0
4448,0
4449,0
4450,1
4451,1
4452,1
4453,1
4454,1
4455,1
4456,1
4457,1
4458,1
4459,1
4460,1
4461,1
4462,1
4463,1
4464,0
4465,0
4466,0
4467,0
4468,0
4469,0
4470,0
4471,0
4472,1
4473,1
4474,1
4475,1
4476,1
4477,1
4478,1
4479,1
4480,1
4481,1
4482,1
4483,1
4484,1
4485,0
4486,0
4487,0
4488,0
4489,0
4490,0
4491,0
4492,0
4493,0
4494,0
4495,0
4496,0
4497,0
4498,0
4499,0
4500,0
4501,0
4502,0
4503,0
4504,0
4505,0
4506,0
4507,1
4508,0
4509,0
4510,0
4511,0
4512,0
4513,1
4514,0
4515,0
4516,0
4517,0
4518,1
4519,1
4520,0
4521,0
4522,1
4523,1
4524,1
4525,1
4526,1
4527,1
4528,1
4529,1
4530,1
4531,1
4532,1
4533,1
4534,1
4535,0
4536,0
4537,0
4538,0
4539,0
4540,0
4541,0
4542,0
4543,0
4544,0
4545,0
4546,1
4547,1
4548,1
4549,1
4550,1
4551,0
4552,1
4553,1
4554,1
4555,0
4556,0
4557,0
4558,0
4559,0
4560,0
4561,0
4562,0
4563,1
4564,1
4565,1
4566,1
4567,1
4568,1
4569,1
4570,1
4571,1
4572,1
4573,1
4574,1
4575,1
4576,1
4577,1
4578,1
4579,1
4580,0
4581,0
4582,0
4583,0
4584,0
4585,0
4586,0
4587,1
4588,1
4589,1
4590,1
4591,1
4592,1
4593,1
4594,1
4595,1
4596,1
4597,1
4598,1
4599,1
4600,1
4601,0
4602,0
4603,0
4604,0
4605,0
4606,0
4607,0
4608,0
4609,0
4610,0
4611,0
4612,0
4613,0
4614,0
4615,0
4616,0
4617,0
4618,0
4619,0
4620,0
4621,0
4622,0
4623,0
4624,0
4625,0
4626,0
4627,0
4628,1
4629,1
4630,0
4631,0
4632,0
4633,1
4634,1
4635,1
4636,0
4637,1
4638,1
4639,1
4640,1
4641,1
4642,1
4643,1
4644,1
4645,1
4646,1
4647,1
4648,1
4649,1
4650,0
4651,0
4652,0
4653,0
4654,0
4655,0
4656,0
4657,0
4658,0
4659,0
4660,0
4661,0
4662,1
4663,1
4664,1
4665,1
4666,0
4667,0
4668,1
4669,1
4670,1
4671,0
4672,0
4673,0
4674,1
4675,0
4676,0
4677,0
4678,1
4679,1
4680,1
4681,1
4682,1
4683,1
4684,1
4685,1
4686,1
4687,1
4688,1
4689,1
4690,1
4691,1
4692,1
4693,1
4694,1
4695,1
4696,0
4697,0
4698,0
4699,0
4700,0
4701,0
4702,0
4703,1
4704,1
4705,1
4706,1
4707,1
4708,1
4709,1
4710,1
4711,1
4712,1
4713,1
4714,1
4715,1
4716,1
4717,1
4718,0
4719,0
4720,0
4721,0
4722,0
4723,0
4724,0
4725,0
4726,0
4727,0
4728,0
4729,0
4730,0
4731,0
4732,0
4733,0
4734,0
4735,0
4736,0
4737,0
4738,0
4739,0
4740,0
4741,0
4742,0
4743,0
4744,0
4745,1
4746,0
4747,1
4748,0
4749,0
4750,1
4751,1
4752,1
4753,1
4754,1
4755,1
4756,1
4757,1
4758,1
4759,1
4760,1
4761,1
4762,1
4763,1
4764,1
4765,1
4766,1
4767,0
4768,0
4769,0
4770,0
4771,0
4772,0
4773,0
4774,0
4775,0
4776,0
4777,0
4778,1
4779,1
4780,1
4781,1
4782,1
4783,0
4784,0
4785,1
4786,1
4787,1
4788,0
4789,0
4790,0
4791,0
4792,0
4793,0
4794,0
4795,1
4796,1
4797,1
4798,1
4799,1
4800,1
4801,0
4802,1
4803,1
4804,1
4805,1
4806,1
4807,1
4808,1
4809,1
4810,1
4811,1
4812,1
4813,0
4814,0
4815,0
4816,0
4817,0
4818,0
4819,1
4820,1
4821,1
4822,1
4823,1
4824,1
4825,1
4826,1
4827,1
4828,1
4829,1
4830,1
4831,1
4832,1
4833,1
4834,1
4835,0
4836,0
4837,0
4838,0
4839,0
4840,0
4841,0
4842,0
4843,0
4844,0
4845,0
4846,0
4847,0
4848,0
4849,0
4850,0
4851,0
4852,0
4853,0
4854,0
4855,0
4856,0
4857,0
4858,0
4859,0
4860,0
4861,0
4862,1
4863,0
4864,0
4865,0
4866,0
4867,1
4868,1
4869,1
4870,1
4871,1
4872,1
4873,1
4874,1
4875,1
4876,1
4877,1
4878,1
4879,1
4880,1
4881,1
4882,1
4883,1
4884,0
4885,0
4886,0
4887,0
4888,0
4889,0
4890,0
4891,0
4892,0
4893,0
4894,0
4895,1
4896,1
4897,1
4898,1
4899,0
4900,0
4901,0
4902,1
4903,1
4904,1
4905,1
4906,0
4907,0
4908,0
4909,0
4910,0
4911,1
4912,1
4913,1
4914,1
4915,1
4916,1
4917,0
4918,0
4919,1
4920,1
4921,1
4922,1
4923,1
4924,1
4925,1
4926,1
4927,1
4928,1
4929,1
4930,0
4931,0
4932,0
4933,0
4934,0
4935,0
4936,1
4937,1
4938,1
4939,1
4940,1
4941,1
4942,1
4943,1
4944,1
4945,1
4946,1
4947,1
4948,1
4949,1
4950,1
4951,1
4952,1
4953,0
4954,0
4955,0
4956,0
4957,0
4958,0
4959,0
4960,0
4961,0
4962,0
4963,0
4964,0
4965,0
4966,0
4967,0
4968,0
4969,0
4970,1
4971,0
4972,0
4973,0
4974,0
4975,0
4976,0
4977,0
4978,0
4979,1
4980,0
4981,0
4982,0
4983,0
4984,1
4985,1
4986,1
4987,1
4988,1
4989,1
4990,1
4991,1
4992,1
4993,1
4994,1
4995,1
4996,1
4997,1
4998,1
4999,1
5000,1
5001,1
5002,0
5003,0
5004,0
5005,0
5006,1
5007,0
5008,0
5009,0
5010,0
5011,0
5012,1
5013,1
5014,1
5015,1
5016,1
5017,0
5018,0
5019,1
5020,1
5021,1
5022,1
5023,0
5024,0
5025,0
5026,0
5027,0
5028,1
5029,1
5030,1
5031,1
5032,1
5033,1
5034,0
5035,0
5036,0
5037,1
5038,1
5039,1
5040,1
5041,1
5042,1
5043,1
5044,1
5045,1
5046,1
5047,1
5048,0
5049,0
5050,0
5051,0
5052,0
5053,0
5054,1
5055,1
5056,1
5057,1
5058,1
5059,1
5060,1
5061,1
5062,1
5063,1
5064,1
5065,1
5066,1
5067,1
5068,1
5069,1
5070,1
5071,1
5072,0
5073,0
5074,0
5075,0
5076,0
5077,0
5078,0
5079,0
5080,0
5081,0
5082,0
5083,0
5084,0
5085,0
5086,0
5087,0
5088,0
5089,0
5090,0
5091,0
5092,0
5093,0
5094,0
5095,0
5096,0
5097,0
5098,1
5099,0
5100,0
5101,0
5102,0
5103,1
5104,1
5105,1
5106,1
5107,1
5108,1
5109,1
5110,1
5111,1
5112,1
5113,1
5114,1
5115,1
5116,1
5117,1
5118,1
5119,1
5120,1
5121,0
5122,0
5123,0
5124,1
5125,0
5126,0
5127,0
5128,0
5129,0
5130,0
5131,1
5132,1
5133,1
5134,1
5135,0
5136,0
5137,0
5138,1
5139,1
5140,1
5141,1
5142,0
5143,0
5144,0
5145,0
5146,1
5147,1
5148,1
5149,1
5150,1
5151,1
5152,0
5153,0
5154,0
5155,0
5156,1
5157,1
5158,1
5159,0
5160,1
5161,1
5162,1
5163,1
5164,1
5165,1
5166,1
5167,0
5168,0
5169,0
5170,0
5171,0
5172,1
5173,1
5174,1
5175,1
5176,1
5177,1
5178,0
5179,1
5180,1
5181,1
5182,1
5183,1
5184,1
5185,1
5186,1
5187,1
5188,1
5189,1
5190,0
5191,0
5192,0
5193,0
5194,0
5195,0
5196,0
5197,0
5198,0
5199,0
5200,0
5201,0
5202,0
5203,0
5204,0
5205,0
5206,0
5207,1
5208,0
5209,0
5210,0
5211,0
5212,0
5213,0
5214,0
5215,0
5216,1
5217,1
5218,0
5219,0
5220,0
5221,1
5222,1
5223,1
5224,1
5225,1
5226,1
5227,1
5228,1
5229,1
5230,1
5231,1
5232,1
5233,1
5234,1
5235,1
5236,1
5237,1
5238,1
5239,1
5240,0
5241,0
5242,0
5243,1
5244,0
5245,0
5246,0
5247,0
5248,0
5249,1
5250,1
5251,1
5252,1
5253,1
5254,0
5255,0
5256,1
5257,1
5258,1
5259,1
5260,0
5261,0
5262,0
5263,0
5264,1
5265,1
5266,1
5267,1
5268,1
5269,1
5270,0
5271,0
5272,0
5273,0
5274,0
5275,1
5276,0
5277,0
5278,0
5279,0
5280,1
5281,1
5282,1
5283,1
5284,1
5285,0
5286,0
5287,0
5288,0
5289,0
5290,0
5291,0
5292,1
5293,1
5294,1
5295,1
5296,1
5297,0
5298,0
5299,0
5300,1
5301,1
5302,1
5303,1
5304,1
5305,1
5306,1
5307,1
5308,1
5309,0
5310,0
5311,0
5312,0
5313,0
5314,0
5315,0
5316,0
5317,0
5318,0
5319,0
5320,0
5321,0
5322,0
5323,0
5324,0
5325,0
5326,0
5327,0
5328,0
5329,0
5330,0
5331,0
5332,0
5333,0
5334,0
5335,0
5336,1
5337,0
5338,0
5339,0
5340,1
5341,1
5342,1
5343,1
5344,1
5345,1
5346,1
5347,1
5348,1
5349,1
5350,1
5351,1
5352,1
5353,1
5354,1
5355,1
5356,1
5357,1
5358,1
5359,1
5360,0
5361,0
5362,1
5363,0
5364,0
5365,0
5366,0
5367,0
5368,0
5369,1
5370,1
5371,1
5372,1
5373,0
5374,0
5375,1
5376,1
5377,1
5378,1
5379,1
5380,0
5381,0
5382,0
5383,0
5384,1
5385,1
5386,1
5387,1
5388,1
5389,0
5390,0
5391,0
5392,0
5393,0
5394,0
5395,0
5396,0
5397,0
5398,0
5399,0
5400,1
5401,1
5402,1
5403,1
5404,1
5405,0
5406,0
5407,0
5408,0
5409,0
5410,0
5411,1
5412,1
5413,1
5414,1
5415,1
5416,0
5417,0
5418,0
5419,0
5420,1
5421,1
5422,1
5423,1
5424,1
5425,1
5426,1
5427,1
5428,0
5429,0
5430,0
5431,0
5432,0
5433,0
5434,0
5435,0
5436,0
5437,0
5438,0
5439,0
5440,0
5441,0
5442,0
5443,0
5444,0
5445,0
5446,0
5447,0
5448,0
5449,0
5450,0
5451,0
5452,0
5453,0
5454,0
5455,1
5456,1
5457,0
5458,0
5459,1
5460,1
5461,1
5462,1
5463,1
5464,1
5465,1
5466,1
5467,1
5468,0
5469,1
5470,1
5471,1
5472,1
5473,1
5474,1
5475,1
5476,1
5477,1
5478,1
5479,0
5480,0
5481,0
5482,1
5483,0
5484,0
5485,0
5486,0
5487,0
5488,0
5489,1
5490,1
5491,1
5492,1
5493,0
5494,1
5495,1
5496,1
5497,1
5498,1
5499,0
5500,0
5501,0
5502,0
5503,1
5504,1
5505,1
5506,1
5507,1
5508,1
5509,0
5510,0
5511,0
5512,0
5513,0
5514,0
5515,0
5516,0
5517,0
5518,0
5519,0
5520,1
5521,1
5522,1
5523,1
5524,0
5525,0
5526,0
5527,0
5528,0
5529,0
5530,0
5531,1
5532,1
5533,1
5534,1
5535,1
5536,0
5537,0
5538,0
5539,0
5540,0
5541,1
5542,1
5543,1
5544,1
5545,1
5546,1
5547,1
5548,1
5549,0
5550,0
5551,0
5552,0
5553,0
5554,0
5555,0
5556,0
5557,0
5558,0
5559,0
5560,0
5561,0
5562,0
5563,0
5564,0
5565,0
5566,0
5567,0
5568,0
5569,0
5570,0
5571,0
5572,0
5573,0
5574,0
5575,0
5576,1
5577,0
5578,0
5579,1
5580,1
5581,1
5582,1
5583,1
5584,1
5585,1
5586,1
5587,1
5588,0
5589,0
5590,1
5591,1
5592,1
5593,1
5594,1
5595,1
5596,1
5597,1
5598,1
5599,1
5600,0
5601,0
5602,1
5603,0
5604,0
5605,0
5606,0
5607,0
5608,0
5609,1
5610,1
5611,1
5612,1
5613,1
5614,1
5615,1
5616,1
5617,1
5618,1
5619,1
5620,0
5621,0
5622,0
5623,1
5624,1
5625,1
5626,1
5627,1
5628,1
5629,0
5630,0
5631,0
5632,0
5633,0
5634,0
5635,0
5636,0
5637,0
5638,0
5639,0
5640,0
5641,1
5642,1
5643,1
5644,0
5645,0
5646,0
5647,0
5648,0
5649,0
5650,0
5651,1
5652,1
5653,1
5654,1
5655,1
5656,0
5657,0
5658,0
5659,0
5660,0
5661,0
5662,1
5663,1
5664,1
5665,1
5666,1
5667,1
5668,1
5669,0
5670,0
5671,0
5672,0
5673,1
5674,0
5675,0
5676,0
5677,0
5678,1
5679,0
5680,0
5681,0
5682,0
5683,0
5684,0
5685,0
5686,0
5687,0
5688,0
5689,0
5690,0
5691,0
5692,0
5693,0
5694,0
5695,0
5696,1
5697,1
5698,0
5699,0
5700,1
5701,1
5702,1
5703,1
5704,1
5705,1
5706,1
5707,1
5708,0
5709,0
5710,0
5711,1
5712,1
5713,1
5714,1
5715,1
5716,1
5717,1
5718,1
5719,1
5720,0
5721,0
5722,0
5723,1
5724,0
5725,0
5726,0
5727,0
5728,0
5729,0
5730,1
5731,1
5732,1
5733,1
5734,1
5735,1
5736,1
5737,1
5738,1
5739,1
5740,0
5741,0
5742,0
5743,1
5744,1
5745,1
5746,1
5747,1
5748,1
5749,1
5750,0
5751,0
5752,0
5753,0
5754,0
5755,0
5756,0
5757,0
5758,0
5759,0
5760,0
5761,0
5762,1
5763,1
5764,0
5765,0
5766,0
5767,0
5768,0
5769,0
5770,0
5771,0
5772,1
5773,1
5774,1
5775,1
5776,1
5777,0
5778,0
5779,0
5780,0
5781,0
5782,0
5783,0
5784,1
5785,1
5786,1
5787,1
5788,1
5789,1
5790,0
5791,0
5792,0
5793,0
5794,1
5795,1
5796,0
5797,0
5798,0
5799,0
5800,0
5801,0
5802,0
5803,0
5804,0
5805,0
5806,0
5807,0
5808,0
5809,0
5810,0
5811,0
5812,0
5813,0
5814,0
5815,0
5816,0
5817,1
5818,1
5819,0
5820,0
5821,1
5822,1
5823,1
5824,1
5825,1
5826,1
5827,1
5828,1
5829,0
5830,0
5831,0
5832,0
5833,1
5834,1
5835,1
5836,1
5837,1
5838,1
5839,1
5840,1
5841,1
5842,0
5843,0
5844,1
5845,1
5846,0
5847,0
5848,0
5849,0
5850,0
5851,1
5852,1
5853,1
5854,1
5855,1
5856,1
5857,1
5858,1
5859,1
5860,1
5861,1
5862,0
5863,0
5864,1
5865,1
5866,1
5867,1
5868,1
5869,1
5870,1
5871,0
5872,0
5873,0
5874,0
5875,0
5876,0
5877,0
5878,0
5879,0
5880,0
5881,0
5882,0
5883,0
5884,0
5885,0
5886,0
5887,0
5888,0
5889,0
5890,0
5891,0
5892,0
5893,1
5894,1
5895,1
5896,1
5897,1
5898,1
5899,0
5900,0
5901,0
5902,0
5903,0
5904,0
5905,0
5906,1
5907,1
5908,1
5909,1
5910,1
5911,0
5912,0
5913,0
5914,0
5915,1
5916,1
5917,0
5918,1
5919,0
5920,0
5921,0
5922,0
5923,0
5924,0
5925,0
5926,0
5927,0
5928,0
5929,0
5930,0
5931,0
5932,0
5933,0
5934,0
5935,0
5936,0
5937,0
5938,0
5939,1
5940,1
5941,0
5942,0
5943,1
5944,1
5945,1
5946,1
5947,1
5948,1
5949,1
5950,0
5951,0
5952,0
5953,0
5954,0
5955,1
5956,1
5957,1
5958,1
5959,1
5960,1
5961,1
5962,1
5963,0
5964,0
5965,0
5966,1
5967,0
5968,0
5969,0
5970,0
5971,0
5972,0
5973,1
5974,1
5975,1
5976,1
5977,1
5978,1
5979,0
5980,1
5981,1
5982,1
5983,0
5984,0
5985,0
5986,1
5987,1
5988,1
5989,1
5990,1
5991,1
5992,1
5993,0
5994,0
5995,0
5996,0
5997,0
5998,0
5999,0
6000,0
6001,0
6002,0
6003,0
6004,0
6005,0
6006,0
6007,0
6008,0
6009,0
6010,0
6011,0
6012,0
6013,0
6014,0
6015,1
6016,1
6017,1
6018,1
6019,1
6020,1
6021,0
6022,0
6023,0
6024,0
6025,0
6026,0
6027,0
6028,0
6029,1
6030,1
6031,1
6032,1
6033,1
6034,0
6035,0
6036,0
6037,1
6038,1
6039,1
6040,0
6041,0
6042,0
6043,0
6044,0
6045,0
6046,0
6047,0
6048,0
6049,0
6050,0
6051,0
6052,0
6053,0
6054,0
6055,0
6056,0
6057,0
6058,0
6059,0
6060,0
6061,1
6062,1
6063,0
6064,0
6065,1
6066,1
6067,1
6068,1
6069,1
6070,1
6071,1
6072,0
6073,0
6074,0
6075,0
6076,0
6077,0
6078,1
6079,1
6080,1
6081,1
6082,1
6083,1
6084,1
6085,0
6086,0
6087,0
6088,1
6089,1
6090,0
6091,0
6092,0
6093,0
6094,0
6095,0
6096,1
6097,1
6098,1
6099,1
6100,1
6101,0
6102,0
6103,1
6104,1
6105,1
6106,0
6107,0
6108,1
6109,1
6110,1
6111,1
6112,1
6113,1
6114,1
6115,0
6116,0
6117,0
6118,0
6119,0
6120,0
6121,0
6122,0
6123,0
6124,0
6125,0
6126,0
6127,0
6128,0
6129,0
6130,0
6131,0
6132,0
6133,0
6134,0
6135,0
6136,0
6137,0
6138,0
6139,1
6140,1
6141,1
6142,1
6143,1
6144,1
6145,0
6146,0
6147,0
6148,0
6149,0
6150,0
6151,0
6152,0
6153,1
6154,1
6155,1
6156,1
6157,0
6158,0
6159,0
6160,1
6161,1
6162,1
6163,0
6164,0
6165,0
6166,0
6167,0
6168,0
6169,0
6170,0
6171,0
6172,0
6173,0
6174,0
6175,0
6176,0
6177,0
6178,0
6179,0
6180,0
6181,0
6182,0
6183,0
6184,1
6185,1
6186,1
6187,0
6188,1
6189,1
6190,1
6191,1
6192,1
6193,1
6194,1
6195,1
6196,0
6197,0
6198,0
6199,0
6200,0
6201,1
6202,1
6203,1
6204,1
6205,1
6206,1
6207,1
6208,0
6209,0
6210,0
6211,0
6212,1
6213,0
6214,0
6215,0
6216,0
6217,0
6218,0
6219,1
6220,1
6221,1
6222,1
6223,1
6224,0
6225,0
6226,0
6227,1
6228,1
6229,0
6230,0
6231,1
6232,1
6233,1
6234,1
6235,1
6236,1
6237,1
6238,1
6239,0
6240,0
6241,0
6242,0
6243,0
6244,0
6245,0
6246,0
6247,0
6248,0
6249,0
6250,0
6251,0
6252,0
6253,0
6254,0
6255,0
6256,0
6257,0
6258,0
6259,0
6260,0
6261,0
6262,0
6263,1
6264,1
6265,1
6266,1
6267,1
6268,1
6269,0
6270,0
6271,0
6272,0
6273,0
6274,0
6275,0
6276,0
6277,1
6278,1
6279,1
6280,1
6281,1
6282,0
6283,0
6284,1
6285,1
6286,1
6287,1
6288,1
6289,0
6290,0
6291,0
6292,0
6293,0
6294,0
6295,0
6296,0
6297,0
6298,0
6299,0
6300,0
6301,0
6302,0
6303,0
6304,0
6305,0
6306,0
6307,0
6308,0
6309,1
6310,1
6311,1
6312,1
6313,1
6314,1
6315,0
6316,1
6317,1
6318,1
6319,1
6320,0
6321,0
6322,0
6323,0
6324,0
6325,0
6326,1
6327,1
6328,1
6329,1
6330,1
6331,1
6332,0
6333,0
6334,0
6335,0
6336,1
6337,1
6338,0
6339,0
6340,0
6341,0
6342,0
6343,0
6344,1
6345,1
6346,1
6347,1
6348,0
6349,0
6350,0
6351,0
6352,1
6353,1
6354,0
6355,0
6356,1
6357,1
6358,1
6359,1
6360,1
6361,1
6362,1
6363,0
6364,0
6365,0
6366,0
6367,0
6368,0
6369,0
6370,0
6371,0
6372,0
6373,0
6374,0
6375,0
6376,0
6377,0
6378,0
6379,0
6380,0
6381,0
6382,0
6383,0
6384,0
6385,0
6386,0
6387,0
6388,1
6389,1
6390,1
6391,1
6392,1
6393,1
6394,1
6395,0
6396,0
6397,0
6398,0
6399,0
6400,0
6401,0
6402,0
6403,1
6404,1
6405,1
6406,1
6407,0
6408,0
6409,1
6410,1
6411,1
6412,1
6413,0
6414,0
6415,0
6416,1
6417,0
6418,0
6419,0
6420,0
6421,0
6422,0
6423,0
6424,0
6425,0
6426,0
6427,0
6428,0
6429,0
6430,0
6431,0
6432,0
6433,0
6434,1
6435,1
6436,1
6437,1
6438,1
6439,1
6440,0
6441,0
6442,1
6443,1
6444,1
6445,1
6446,0
6447,0
6448,0
6449,0
6450,0
6451,0
6452,1
6453,1
6454,1
6455,1
6456,1
6457,1
6458,0
6459,0
6460,0
6461,0
6462,1
6463,1
6464,0
6465,0
6466,0
6467,0
6468,0
6469,1
6470,1
6471,1
6472,1
6473,0
6474,0
6475,0
6476,0
6477,0
6478,1
6479,1
6480,0
6481,1
6482,1
6483,1
6484,1
6485,1
6486,1
6487,1
6488,1
6489,0
6490,0
6491,0
6492,0
6493,0
6494,0
6495,0
6496,0
6497,0
6498,0
6499,0
6500,0
6501,0
6502,0
6503,0
6504,0
6505,0
6506,0
6507,0
6508,0
6509,0
6510,0
6511,0
6512,0
6513,0
6514,1
6515,1
6516,1
6517,1
6518,1
6519,1
6520,1
6521,1
6522,0
6523,0
6524,0
6525,0
6526,0
6527,0
6528,0
6529,1
6530,1
6531,1
6532,1
6533,0
6534,0
6535,1
6536,1
6537,1
6538,1
6539,1
6540,0
6541,0
6542,0
6543,0
6544,0
6545,0
6546,0
6547,0
6548,0
6549,0
6550,1
6551,0
6552,0
6553,0
6554,0
6555,0
6556,0
6557,0
6558,0
6559,0
6560,0
6561,1
6562,1
6563,1
6564,1
6565,1
6566,1
6567,0
6568,0
6569,1
6570,1
6571,1
6572,0
6573,0
6574,0
6575,0
6576,0
6577,0
6578,1
6579,1
6580,1
6581,1
6582,1
6583,1
6584,0
6585,0
6586,0
6587,0
6588,1
6589,1
6590,0
6591,0
6592,0
6593,0
6594,0
6595,0
6596,1
6597,1
6598,1
6599,0
6600,0
6601,0
6602,0
6603,0
6604,0
6605,1
6606,0
6607,0
6608,1
6609,1
6610,1
6611,1
6612,1
6613,1
6614,1
6615,1
6616,0
6617,0
6618,0
6619,0
6620,0
6621,0
6622,0
6623,0
6624,0
6625,0
6626,0
6627,0
6628,0
6629,0
6630,0
6631,0
6632,0
6633,0
6634,0
6635,0
6636,0
6637,0
6638,0
6639,0
6640,0
6641,1
6642,1
6643,1
6644,1
6645,1
6646,1
6647,1
6648,1
6649,1
6650,0
6651,0
6652,0
6653,1
6654,0
6655,0
6656,0
6657,1
6658,1
6659,1
6660,0
6661,0
6662,0
6663,1
6664,1
6665,1
6666,1
6667,0
6668,0
6669,0
6670,0
6671,0
6672,0
6673,0
6674,0
6675,0
6676,0
6677,0
6678,0
6679,0
6680,0
6681,0
6682,0
6683,0
6684,0
6685,0
6686,0
6687,0
6688,1
6689,1
6690,1
6691,1
6692,1
6693,1
6694,0
6695,0
6696,0
6697,1
6698,1
6699,1
6700,0
6701,0
6702,0
6703,0
6704,0
6705,0
6706,1
6707,1
6708,1
6709,0
6710,1
6711,0
6712,0
6713,0
6714,0
6715,0
6716,1
6717,1
6718,0
6719,0
6720,0
6721,0
6722,0
6723,0
6724,1
6725,1
6726,0
6727,0
6728,0
6729,0
6730,0
6731,0
6732,0
6733,1
6734,0
6735,1
6736,1
6737,1
6738,1
6739,1
6740,1
6741,1
6742,1
6743,0
6744,0
6745,0
6746,0
6747,0
6748,0
6749,0
6750,0
6751,0
6752,0
6753,0
6754,0
6755,0
6756,0
6757,0
6758,0
6759,0
6760,0
6761,0
6762,0
6763,0
6764,0
6765,0
6766,0
6767,0
6768,0
6769,0
6770,0
6771,1
6772,1
6773,1
6774,1
6775,1
6776,0
6777,1
6778,1
6779,1
6780,0
6781,0
6782,0
6783,0
6784,0
6785,1
6786,0
6787,1
6788,1
6789,1
6790,0
6791,0
6792,1
6793,1
6794,1
6795,1
6796,1
6797,0
6798,0
6799,0
6800,0
6801,0
6802,0
6803,0
6804,0
6805,0
6806,0
6807,0
6808,0
6809,0
6810,0
6811,0
6812,0
6813,0
6814,0
6815,0
6816,0
6817,0
6818,1
6819,1
6820,1
6821,1
6822,1
6823,1
6824,0
6825,0
6826,0
6827,1
6828,1
6829,1
6830,0
6831,0
6832,0
6833,0
6834,0
6835,1
6836,1
6837,1
6838,0
6839,0
6840,0
6841,0
6842,0
6843,0
6844,0
6845,1
6846,1
6847,0
6848,0
6849,0
6850,0
6851,0
6852,0
6853,1
6854,1
6855,0
6856,0
6857,0
6858,0
6859,0
6860,0
6861,0
6862,0
6863,0
6864,0
6865,1
6866,1
6867,0
6868,1
6869,1
6870,1
6871,1
6872,1
6873,0
6874,0
6875,0
6876,0
6877,0
6878,0
6879,0
6880,0
6881,0
6882,0
6883,0
6884,0
6885,0
6886,0
6887,0
6888,0
6889,0
6890,0
6891,0
6892,0
6893,0
6894,0
6895,0
6896,0
6897,0
6898,0
6899,0
6900,0
6901,1
6902,1
6903,1
6904,1
6905,1
6906,0
6907,0
6908,1
6909,1
6910,0
6911,0
6912,0
6913,0
6914,0
6915,0
6916,0
6917,0
6918,1
6919,1
6920,0
6921,0
6922,1
6923,1
6924,1
6925,1
6926,1
6927,0
6928,0
6929,0
6930,0
6931,0
6932,0
6933,0
6934,0
6935,0
6936,0
6937,0
6938,0
6939,0
6940,0
6941,0
6942,0
6943,0
6944,0
6945,0
6946,0
6947,0
6948,1
6949,1
6950,1
6951,1
6952,1
6953,1
6954,0
6955,0
6956,0
6957,0
6958,1
6959,1
6960,1
6961,0
6962,0
6963,0
6964,0
6965,0
6966,1
6967,1
6968,0
6969,0
6970,0
6971,0
6972,0
6973,0
6974,0
6975,0
6976,1
6977,1
6978,0
6979,0
6980,0
6981,0
6982,0
6983,0
6984,1
6985,0
6986,0
6987,0
6988,0
6989,0
6990,0
6991,0
6992,0
6993,0
6994,1
6995,0
6996,1
6997,0
6998,0
6999,1
7000,1
7001,1
7002,1
7003,0
7004,0
7005,0
7006,0
7007,0
7008,0
7009,0
7010,0
7011,0
7012,0
7013,0
7014,0
7015,0
7016,0
7017,0
7018,0
7019,0
7020,0
7021,0
7022,0
7023,0
7024,0
7025,0
7026,0
7027,0
7028,0
7029,0
7030,0
7031,0
7032,0
7033,1
7034,1
7035,1
7036,1
7037,0
7038,0
7039,0
7040,1
7041,1
7042,0
7043,0
7044,0
7045,0
7046,0
7047,0
7048,0
7049,1
7050,1
7051,0
7052,0
7053,1
7054,1
7055,1
7056,1
7057,1
7058,1
7059,0
7060,1
7061,1
7062,0
7063,0
7064,0
7065,0
7066,0
7067,0
7068,0
7069,0
7070,0
7071,0
7072,0
7073,0
7074,0
7075,0
7076,0
7077,0
7078,0
7079,1
7080,1
7081,1
7082,1
7083,1
7084,1
7085,1
7086,0
7087,0
7088,0
7089,0
7090,1
7091,1
7092,0
7093,0
7094,0
7095,0
7096,0
7097,1
7098,1
7099,0
7100,0
7101,0
7102,0
7103,0
7104,0
7105,0
7106,0
7107,1
7108,1
7109,0
7110,0
7111,0
7112,0
7113,0
7114,0
7115,0
7116,0
7117,0
7118,0
7119,0
7120,0
7121,0
7122,0
7123,0
7124,0
7125,0
7126,0
7127,0
7128,0
7129,0
7130,0
7131,1
7132,1
7133,1
7134,0
7135,0
7136,0
7137,0
7138,0
7139,0
7140,0
7141,0
7142,0
7143,0
7144,0
7145,0
7146,0
7147,0
7148,0
7149,0
7150,0
7151,0
7152,0
7153,0
7154,0
7155,0
7156,0
7157,0
7158,0
7159,0
7160,0
7161,0
7162,0
7163,0
7164,0
7165,0
7166,1
7167,1
7168,1
7169,1
7170,0
7171,0
7172,0
7173,0
7174,1
7175,1
7176,0
7177,0
7178,0
7179,0
7180,0
7181,0
7182,0
7183,0
7184,0
7185,0
7186,0
7187,1
7188,1
7189,1
7190,1
7191,1
7192,0
7193,0
7194,1
7195,1
7196,0
7197,0
7198,0
7199,0
7200,0
7201,0
7202,0
7203,0
7204,0
7205,0
7206,0
7207,0
7208,0
7209,0
7210,0
7211,0
7212,1
7213,1
7214,1
7215,1
7216,1
7217,1
7218,1
7219,0
7220,0
7221,0
7222,0
7223,0
7224,1
7225,1
7226,0
7227,0
7228,0
7229,0
7230,0
7231,1
7232,1
7233,0
7234,0
7235,0
7236,0
7237,0
7238,0
7239,0
7240,0
7241,1
7242,1
7243,0
7244,0
7245,0
7246,0
7247,0
7248,0
7249,0
7250,0
7251,0
7252,0
7253,0
7254,0
7255,0
7256,0
7257,0
7258,0
7259,0
7260,0
7261,0
7262,0
7263,0
7264,0
7265,1
7266,1
7267,0
7268,0
7269,0
7270,0
7271,0
7272,0
7273,0
7274,0
7275,0
7276,0
7277,0
7278,0
7279,0
7280,0
7281,0
7282,0
7283,0
7284,0
7285,0
7286,0
7287,0
7288,0
7289,0
7290,0
7291,0
7292,0
7293,0
7294,0
7295,0
7296,0
7297,0
7298,0
7299,0
7300,1
7301,1
7302,1
7303,1
7304,0
7305,0
7306,0
7307,0
7308,0
7309,1
7310,1
7311,0
7312,0
7313,0
7314,1
7315,0
7316,0
7317,0
7318,0
7319,0
7320,0
7321,1
7322,1
7323,1
7324,1
7325,1
7326,1
7327,0
7328,1
7329,1
7330,0
7331,0
7332,0
7333,0
7334,0
7335,0
7336,0
7337,0
7338,0
7339,0
7340,0
7341,0
7342,0
7343,0
7344,0
7345,0
7346,1
7347,1
7348,1
7349,1
7350,1
7351,1
7352,1
7353,1
7354,0
7355,0
7356,0
7357,0
7358,1
7359,1
7360,0
7361,0
7362,0
7363,0
7364,0
7365,1
7366,1
7367,0
7368,0
7369,0
7370,0
7371,0
7372,0
7373,0
7374,0
7375,1
7376,1
7377,1
7378,1
7379,0
7380,0
7381,0
7382,0
7383,0
7384,0
7385,0
7386,0
7387,0
7388,0
7389,0
7390,0
7391,0
7392,1
7393,1
7394,0
7395,0
7396,0
7397,0
7398,0
7399,0
7400,1
7401,1
7402,0
7403,0
7404,0
7405,0
7406,0
7407,0
7408,0
7409,0
7410,0
7411,0
7412,0
7413,0
7414,0
7415,0
7416,0
7417,0
7418,0
7419,0
7420,0
7421,0
7422,0
7423,0
7424,0
7425,0
7426,0
7427,0
7428,0
7429,0
7430,0
7431,0
7432,0
7433,0
7434,0
7435,0
7436,1
7437,1
7438,1
7439,0
7440,0
7441,0
7442,0
7443,0
7444,0
7445,1
7446,1
7447,0
7448,0
7449,0
7450,1
7451,0
7452,0
7453,0
7454,0
7455,0
7456,1
7457,1
7458,1
7459,1
7460,1
7461,1
7462,0
7463,0
7464,0
7465,0
7466,0
7467,0
7468,0
7469,0
7470,0
7471,0
7472,0
7473,0
7474,0
7475,0
7476,0
7477,0
7478,0
7479,0
7480,0
7481,1
7482,1
7483,1
7484,1
7485,1
7486,1
7487,1
7488,1
7489,0
7490,0
7491,0
7492,0
7493,0
7494,1
7495,1
7496,0
7497,0
7498,0
7499,0
7500,0
7501,1
7502,1
7503,0
7504,0
7505,0
7506,0
7507,0
7508,0
7509,0
7510,0
7511,1
7512,1
7513,1
7514,0
7515,0
7516,0
7517,0
7518,0
7519,0
7520,0
7521,0
7522,0
7523,0
7524,0
7525,0
7526,0
7527,0
7528,0
7529,1
7530,0
7531,0
7532,0
7533,0
7534,0
7535,1
7536,1
7537,0
7538,0
7539,0
7540,0
7541,0
7542,0
7543,0
7544,0
7545,0
7546,0
7547,0
7548,0
7549,0
7550,0
7551,0
7552,0
7553,0
7554,0
7555,0
7556,0
7557,0
7558,0
7559,0
7560,0
7561,0
7562,0
7563,0
7564,0
7565,0
7566,0
7567,0
7568,0
7569,0
7570,0
7571,0
7572,1
7573,1
7574,0
7575,0
7576,0
7577,0
7578,0
7579,0
7580,0
7581,0
7582,1
7583,1
7584,0
7585,0
7586,0
7587,0
7588,0
7589,0
7590,0
7591,0
7592,1
7593,1
7594,1
7595,1
7596,1
7597,1
7598,1
7599,0
7600,0
7601,0
7602,0
7603,0
7604,0
7605,0
7606,0
7607,0
7608,0
7609,0
7610,0
7611,0
7612,0
7613,0
7614,0
7615,0
7616,0
7617,1
7618,1
7619,1
7620,1
7621,1
7622,1
7623,1
7624,1
7625,1
7626,0
7627,0
7628,0
7629,0
7630,1
7631,1
7632,1
7633,0
7634,0
7635,0
7636,0
7637,1
7638,1
7639,1
7640,0
7641,0
7642,0
7643,0
7644,0
7645,0
7646,0
7647,1
7648,1
7649,1
7650,1
7651,0
7652,0
7653,0
7654,0
7655,0
7656,0
7657,0
7658,0
7659,0
7660,0
7661,0
7662,0
7663,0
7664,0
7665,0
7666,1
7667,0
7668,0
7669,0
7670,0
7671,0
7672,1
7673,1
7674,0
7675,0
7676,0
7677,0
7678,0
7679,0
7680,0
7681,0
7682,0
7683,0
7684,0
7685,0
7686,0
7687,0
7688,0
7689,0
7690,0
7691,0
7692,0
7693,0
7694,0
7695,0
7696,0
7697,0
7698,0
7699,0
7700,0
7701,0
7702,0
7703,0
7704,0
7705,0
7706,0
7707,0
7708,0
7709,1
7710,0
7711,0
7712,0
7713,0
7714,0
7715,0
7716,0
7717,0
7718,1
7719,1
7720,1
7721,0
7722,0
7723,0
7724,0
7725,0
7726,0
7727,0
7728,0
7729,1
7730,1
7731,1
7732,1
7733,1
7734,1
7735,1
7736,0
7737,0
7738,0
7739,0
7740,0
7741,0
7742,0
7743,0
7744,0
7745,0
7746,0
7747,0
7748,0
7749,0
7750,0
7751,0
7752,0
7753,1
7754,1
7755,1
7756,1
7757,1
7758,1
7759,1
7760,1
7761,1
7762,0
7763,0
7764,0
7765,0
7766,0
7767,1
7768,1
7769,1
7770,0
7771,0
7772,0
7773,0
7774,1
7775,1
7776,1
7777,0
7778,0
7779,0
7780,0
7781,0
7782,0
7783,0
7784,1
7785,1
7786,1
7787,1
7788,0
7789,0
7790,0
7791,0
7792,0
7793,0
7794,0
7795,0
7796,0
7797,0
7798,0
7799,0
7800,0
7801,0
7802,1
7803,0
7804,0
7805,0
7806,0
7807,0
7808,1
7809,1
7810,0
7811,0
7812,0
7813,0
7814,0
7815,0
7816,0
7817,0
7818,0
7819,0
7820,0
7821,0
7822,0
7823,0
7824,0
7825,0
7826,0
7827,0
7828,0
7829,0
7830,0
7831,0
7832,0
7833,0
7834,0
7835,0
7836,0
7837,0
7838,0
7839,0
7840,0
7841,0
7842,0
7843,0
7844,0
7845,0
7846,0
7847,0
7848,0
7849,0
7850,0
7851,0
7852,0
7853,0
7854,0
7855,0
7856,1
7857,1
7858,1
7859,0
7860,0
7861,0
7862,0
7863,0
7864,0
7865,0
7866,1
7867,1
7868,1
7869,1
7870,1
7871,1
7872,1
7873,1
7874,0
7875,0
7876,0
7877,0
7878,0
7879,0
7880,0
7881,0
7882,0
7883,0
7884,0
7885,0
7886,1
7887,0
7888,0
7889,0
7890,0
7891,1
7892,1
7893,1
7894,1
7895,1
7896,0
7897,1
7898,1
7899,1
7900,0
7901,0
7902,0
7903,0
7904,0
7905,1
7906,1
7907,1
7908,0
7909,0
7910,0
7911,1
7912,1
7913,1
7914,1
7915,0
7916,0
7917,0
7918,0
7919,0
7920,0
7921,0
7922,1
7923,1
7924,1
7925,0
7926,0
7927,0
7928,0
7929,0
7930,0
7931,0
7932,0
7933,0
7934,0
7935,0
7936,0
7937,0
7938,0
7939,0
7940,1
7941,0
7942,0
7943,0
7944,0
7945,0
7946,1
7947,1
7948,0
7949,0
7950,0
7951,0
7952,0
7953,0
7954,0
7955,0
7956,0
7957,0
7958,0
7959,0
7960,0
7961,0
7962,0
7963,0
7964,0
7965,0
7966,0
7967,0
7968,0
7969,0
7970,0
7971,0
7972,0
7973,0
7974,0
7975,0
7976,0
7977,0
7978,0
7979,0
7980,0
7981,0
7982,0
7983,0
7984,0
7985,0
7986,0
7987,0
7988,0
7989,0
7990,0
7991,0
7992,0
7993,0
7994,1
7995,1
7996,1
7997,1
7998,0
7999,0
8000,0
8001,0
8002,0
8003,0
8004,0
8005,1
8006,1
8007,1
8008,1
8009,1
8010,1
8011,1
8012,0
8013,0
8014,0
8015,0
8016,0
8017,0
8018,0
8019,0
8020,0
8021,0
8022,0
8023,1
8024,0
8025,0
8026,0
8027,0
8028,0
8029,1
8030,1
8031,1
8032,1
8033,1
8034,0
8035,0
8036,1
8037,1
8038,0
8039,0
8040,0
8041,0
8042,0
8043,1
8044,1
8045,1
8046,1
8047,0
8048,0
8049,1
8050,1
8051,1
8052,1
8053,1
8054,0
8055,0
8056,0
8057,0
8058,0
8059,0
8060,0
8061,0
8062,1
8063,1
8064,0
8065,0
8066,0
8067,0
8068,0
8069,0
8070,0
8071,1
8072,0
8073,0
8074,0
8075,0
8076,0
8077,0
8078,0
8079,0
8080,0
8081,0
8082,0
8083,0
8084,1
8085,1
8086,0
8087,0
8088,0
8089,0
8090,0
8091,0
8092,0
8093,0
8094,0
8095,0
8096,0
8097,0
8098,0
8099,0
8100,0
8101,0
8102,0
8103,0
8104,0
8105,0
8106,0
8107,0
8108,0
8109,0
8110,0
8111,0
8112,0
8113,0
8114,0
8115,0
8116,0
8117,0
8118,0
8119,0
8120,0
8121,0
8122,0
8123,0
8124,0
8125,0
8126,0
8127,0
8128,0
8129,0
8130,0
8131,0
8132,0
8133,0
8134,1
8135,1
8136,1
8137,1
8138,0
8139,0
8140,0
8141,0
8142,0
8143,0
8144,0
8145,1
8146,1
8147,1
8148,1
8149,1
8150,1
8151,1
8152,0
8153,0
8154,0
8155,0
8156,0
8157,0
8158,0
8159,0
8160,0
8161,0
8162,0
8163,1
8164,0
8165,0
8166,0
8167,0
8168,0
8169,1
8170,1
8171,1
8172,1
8173,0
8174,0
8175,1
8176,1
8177,1
8178,0
8179,0
8180,0
8181,0
8182,0
8183,1
8184,1
8185,1
8186,1
8187,0
8188,1
8189,1
8190,1
8191,1
8192,1
8193,1
8194,0
8195,0
8196,0
8197,0
8198,0
8199,0
8200,0
8201,0
8202,0
8203,0
8204,0
8205,0
8206,0
8207,0
8208,0
8209,0
8210,1
8211,1
8212,0
8213,0
8214,0
8215,0
8216,0
8217,0
8218,0
8219,0
8220,0
8221,0
8222,0
8223,0
8224,1
8225,1
8226,0
8227,0
8228,0
8229,0
8230,0
8231,0
8232,0
8233,0
8234,0
8235,0
8236,0
8237,0
8238,1
8239,0
8240,0
8241,0
8242,0
8243,0
8244,0
8245,0
8246,0
8247,0
8248,0
8249,0
8250,0
8251,0
8252,0
8253,0
8254,0
8255,0
8256,0
8257,1
8258,0
8259,0
8260,0
8261,0
8262,0
8263,0
8264,0
8265,0
8266,0
8267,0
8268,0
8269,0
8270,0
8271,0
8272,0
8273,0
8274,1
8275,1
8276,1
8277,1
8278,0
8279,0
8280,0
8281,0
8282,0
8283,0
8284,0
8285,1
8286,1
8287,1
8288,1
8289,1
8290,1
8291,0
8292,0
8293,0
8294,0
8295,0
8296,0
8297,0
8298,0
8299,0
8300,0
8301,0
8302,0
8303,0
8304,0
8305,0
8306,0
8307,0
8308,1
8309,1
8310,1
8311,1
8312,1
8313,0
8314,0
8315,1
8316,1
8317,0
8318,0
8319,0
8320,0
8321,0
8322,0
8323,1
8324,1
8325,1
8326,1
8327,1
8328,1
8329,1
8330,1
8331,1
8332,1
8333,1
8334,0
8335,0
8336,0
8337,0
8338,0
8339,0
8340,0
8341,0
8342,0
8343,0
8344,0
8345,0
8346,0
8347,0
8348,0
8349,1
8350,1
8351,1
8352,1
8353,0
8354,0
8355,0
8356,0
8357,0
8358,0
8359,0
8360,0
8361,0
8362,0
8363,0
8364,1
8365,0
8366,0
8367,0
8368,0
8369,0
8370,0
8371,0
8372,0
8373,0
8374,0
8375,0
8376,0
8377,1
8378,1
8379,1
8380,0
8381,0
8382,0
8383,0
8384,0
8385,0
8386,0
8387,0
8388,0
8389,0
8390,0
8391,0
8392,0
8393,0
8394,0
8395,0
8396,1
8397,1
8398,1
8399,0
8400,0
8401,0
8402,0
8403,0
8404,0
8405,0
8406,0
8407,0
8408,0
8409,0
8410,0
8411,0
8412,0
8413,0
8414,1
8415,1
8416,1
8417,1
8418,0
8419,0
8420,0
8421,0
8422,0
8423,0
8424,0
8425,0
8426,1
8427,1
8428,1
8429,1
8430,1
8431,0
8432,0
8433,0
8434,0
8435,0
8436,0
8437,0
8438,0
8439,0
8440,0
8441,0
8442,0
8443,0
8444,0
8445,0
8446,0
8447,0
8448,1
8449,1
8450,1
8451,1
8452,1
8453,0
8454,0
8455,0
8456,1
8457,1
8458,0
8459,0
8460,0
8461,0
8462,0
8463,1
8464,1
8465,1
8466,1
8467,1
8468,1
8469,1
8470,1
8471,1
8472,1
8473,1
8474,0
8475,0
8476,0
8477,0
8478,0
8479,0
8480,0
8481,0
8482,0
8483,0
8484,0
8485,0
8486,0
8487,0
8488,0
8489,1
8490,1
8491,1
8492,1
8493,1
8494,1
8495,0
8496,0
8497,0
8498,0
8499,0
8500,0
8501,0
8502,0
8503,0
8504,1
8505,1
8506,0
8507,0
8508,0
8509,0
8510,0
8511,0
8512,0
8513,0
8514,0
8515,0
8516,0
8517,0
8518,1
8519,1
8520,0
8521,0
8522,0
8523,0
8524,0
8525,0
8526,0
8527,0
8528,0
8529,0
8530,0
8531,0
8532,0
8533,0
8534,0
8535,0
8536,0
8537,1
8538,1
8539,1
8540,0
8541,0
8542,0
8543,0
8544,0
8545,0
8546,0
8547,0
8548,0
8549,0
8550,0
8551,0
8552,0
8553,0
8554,0
8555,0
8556,1
8557,1
8558,1
8559,1
8560,0
8561,0
8562,0
8563,0
8564,0
8565,0
8566,0
8567,1
8568,1
8569,1
8570,1
8571,1
8572,0
8573,0
8574,0
8575,0
8576,0
8577,0
8578,0
8579,0
8580,0
8581,0
8582,1
8583,0
8584,0
8585,0
8586,0
8587,0
8588,0
8589,1
8590,1
8591,1
8592,1
8593,1
8594,1
8595,0
8596,0
8597,1
8598,1
8599,1
8600,0
8601,0
8602,0
8603,0
8604,0
8605,1
8606,1
8607,1
8608,1
8609,1
8610,1
8611,1
8612,1
8613,1
8614,1
8615,1
8616,0
8617,0
8618,0
8619,0
8620,0
8621,0
8622,0
8623,0
8624,0
8625,0
8626,0
8627,0
8628,0
8629,0
8630,1
8631,1
8632,1
8633,1
8634,1
8635,1
8636,1
8637,0
8638,0
8639,0
8640,0
8641,0
8642,1
8643,0
8644,0
8645,0
8646,1
8647,0
8648,0
8649,0
8650,0
8651,0
8652,0
8653,0
8654,0
8655,0
8656,0
8657,0
8658,0
8659,1
8660,1
8661,1
8662,0
8663,0
8664,0
8665,0
8666,0
8667,0
8668,0
8669,0
8670,0
8671,0
8672,0
8673,0
8674,0
8675,0
8676,0
8677,1
8678,1
8679,1
8680,1
8681,0
8682,0
8683,0
8684,0
8685,0
8686,0
8687,0
8688,0
8689,0
8690,0
8691,0
8692,0
8693,0
8694,0
8695,0
8696,1
8697,1
8698,1
8699,1
8700,1
8701,0
8702,0
8703,0
8704,0
8705,0
8706,0
8707,0
8708,1
8709,1
8710,1
8711,1
8712,0
8713,0
8714,0
8715,0
8716,0
8717,0
8718,0
8719,0
8720,0
8721,0
8722,0
8723,0
8724,0
8725,0
8726,0
8727,0
8728,0
8729,1
8730,1
8731,1
8732,1
8733,1
8734,1
8735,0
8736,0
8737,0
8738,1
8739,1
8740,1
8741,0
8742,0
8743,0
8744,0
8745,1
8746,1
8747,1
8748,1
8749,1
8750,1
8751,1
8752,1
8753,1
8754,1
8755,1
8756,1
8757,0
8758,0
8759,0
8760,0
8761,0
8762,0
8763,0
8764,0
8765,0
8766,0
8767,0
8768,0
8769,0
8770,0
8771,1
8772,1
8773,1
8774,1
8775,1
8776,1
8777,0
8778,0
8779,0
8780,0
8781,0
8782,1
8783,1
8784,0
8785,0
8786,1
8787,0
8788,0
8789,0
8790,0
8791,0
8792,0
8793,0
8794,0
8795,0
8796,0
8797,0
8798,0
8799,0
8800,1
8801,1
8802,1
8803,0
8804,0
8805,0
8806,0
8807,0
8808,0
8809,0
8810,0
8811,0
8812,0
8813,0
8814,0
8815,0
8816,0
8817,0
8818,1
8819,1
8820,1
8821,1
8822,0
8823,0
8824,0
8825,0
8826,0
8827,0
8828,0
8829,0
8830,0
8831,0
8832,0
8833,0
8834,0
8835,0
8836,0
8837,0
8838,1
8839,1
8840,1
8841,1
8842,1
8843,0
8844,0
8845,0
8846,0
8847,0
8848,0
8849,1
8850,1
8851,1
8852,1
8853,1
8854,0
8855,0
8856,1
8857,0
8858,0
8859,0
8860,0
8861,0
8862,0
8863,0
8864,0
8865,0
8866,0
8867,0
8868,0
8869,0
8870,1
8871,1
8872,1
8873,1
8874,1
8875,1
8876,1
8877,0
8878,0
8879,1
8880,1
8881,1
8882,1
8883,0
8884,0
8885,0
8886,0
8887,1
8888,1
8889,1
8890,1
8891,1
8892,1
8893,1
8894,1
8895,1
8896,1
8897,1
8898,0
8899,0
8900,0
8901,0
8902,0
8903,0
8904,0
8905,0
8906,0
8907,0
8908,0
8909,0
8910,0
8911,0
8912,1
8913,1
8914,1
8915,1
8916,1
8917,1
8918,0
8919,0
8920,0
8921,0
8922,0
8923,1
8924,1
8925,1
8926,0
8927,0
8928,0
8929,0
8930,0
8931,0
8932,0
8933,0
8934,0
8935,0
8936,0
8937,0
8938,0
8939,0
8940,0
8941,1
8942,1
8943,1
8944,0
8945,0
8946,0
8947,0
8948,0
8949,0
8950,0
8951,0
8952,0
8953,0
8954,0
8955,0
8956,0
8957,0
8958,0
8959,0
8960,1
8961,1
8962,1
8963,1
8964,1
8965,0
8966,0
8967,0
8968,0
8969,0
8970,0
8971,0
8972,0
8973,0
8974,0
8975,0
8976,0
8977,0
8978,0
8979,0
8980,1
8981,1
8982,1
8983,1
8984,1
8985,1
8986,0
8987,0
8988,0
8989,0
8990,0
8991,0
8992,1
8993,1
8994,1
8995,1
8996,0
8997,0
8998,1
8999,0
9000,0
9001,0
9002,0
9003,0
9004,0
9005,0
9006,0
9007,1
9008,0
9009,0
9010,0
9011,0
9012,1
9013,1
9014,1
9015,1
9016,1
9017,1
9018,1
9019,1
9020,0
9021,0
9022,1
9023,1
9024,1
9025,1
9026,0
9027,0
9028,0
9029,1
9030,1
9031,1
9032,1
9033,1
9034,1
9035,1
9036,1
9037,1
9038,1
9039,1
9040,1
9041,0
9042,0
9043,0
9044,0
9045,0
9046,0
9047,0
9048,0
9049,0
9050,0
9051,0
9052,0
9053,0
9054,1
9055,1
9056,1
9057,1
9058,1
9059,1
9060,0
9061,0
9062,0
9063,0
9064,0
9065,0
9066,1
9067,1
9068,0
9069,0
9070,0
9071,0
9072,0
9073,1
9074,0
9075,0
9076,0
9077,0
9078,0
9079,0
9080,0
9081,0
9082,0
9083,1
9084,1
9085,1
9086,1
9087,0
9088,0
9089,0
9090,0
9091,0
9092,0
9093,0
9094,0
9095,0
9096,0
9097,1
9098,0
9099,0
9100,0
9101,0
9102,0
9103,1
9104,1
9105,1
9106,1
9107,1
9108,0
9109,0
9110,0
9111,0
9112,0
9113,0
9114,0
9115,0
9116,0
9117,0
9118,0
9119,0
9120,0
9121,0
9122,1
9123,1
9124,1
9125,1
9126,1
9127,1
9128,1
9129,0
9130,0
9131,0
9132,0
9133,0
9134,1
9135,1
9136,1
9137,1
9138,1
9139,0
9140,1
9141,1
9142,0
9143,0
9144,0
9145,0
9146,0
9147,0
9148,0
9149,1
9150,0
9151,0
9152,0
9153,0
9154,0
9155,1
9156,1
9157,1
9158,1
9159,1
9160,1
9161,1
9162,1
9163,0
9164,1
9165,1
9166,1
9167,1
9168,1
9169,0
9170,0
9171,0
9172,1
9173,1
9174,1
9175,1
9176,1
9177,1
9178,1
9179,1
9180,1
9181,1
9182,1
9183,0
9184,0
9185,0
9186,0
9187,0
9188,0
9189,0
9190,0
9191,0
9192,0
9193,0
9194,0
9195,0
9196,1
9197,1
9198,1
9199,1
9200,1
9201,0
9202,1
9203,0
9204,0
9205,0
9206,0
9207,0
9208,1
9209,1
9210,0
9211,0
9212,0
9213,1
9214,0
9215,0
9216,0
9217,0
9218,0
9219,1
9220,1
9221,0
9222,0
9223,0
9224,0
9225,1
9226,1
9227,1
9228,1
9229,1
9230,0
9231,0
9232,0
9233,0
9234,0
9235,0
9236,0
9237,0
9238,0
9239,0
9240,0
9241,0
9242,0
9243,0
9244,0
9245,0
9246,1
9247,1
9248,1
9249,1
9250,1
9251,1
9252,0
9253,0
9254,0
9255,0
9256,0
9257,0
9258,0
9259,0
9260,0
9261,0
9262,0
9263,0
9264,0
9265,1
9266,1
9267,0
9268,1
9269,1
9270,1
9271,1
9272,1
9273,0
9274,0
9275,0
9276,0
9277,0
9278,1
9279,1
9280,1
9281,1
9282,0
9283,0
9284,1
9285,0
9286,0
9287,0
9288,0
9289,0
9290,0
9291,0
9292,1
9293,1
9294,0
9295,0
9296,0
9297,0
9298,1
9299,1
9300,1
9301,1
9302,1
9303,1
9304,1
9305,1
9306,1
9307,1
9308,1
9309,1
9310,1
9311,1
9312,1
9313,0
9314,0
9315,1
9316,1
9317,1
9318,1
9319,1
9320,1
9321,1
9322,1
9323,1
9324,1
9325,1
9326,1
9327,0
9328,0
9329,0
9330,0
9331,1
9332,0
9333,0
9334,0
9335,0
9336,0
9337,0
9338,0
9339,1
9340,1
9341,1
9342,1
9343,1
9344,0
9345,0
9346,0
9347,0
9348,0
9349,0
9350,0
9351,1
9352,1
9353,0
9354,0
9355,0
9356,0
9357,0
9358,0
9359,0
9360,0
9361,0
9362,0
9363,0
9364,1
9365,0
9366,0
9367,0
9368,0
9369,1
9370,1
9371,1
9372,1
9373,0
9374,0
9375,0
9376,0
9377,0
9378,0
9379,0
9380,0
9381,0
9382,0
9383,1
9384,0
9385,0
9386,0
9387,0
9388,0
9389,0
9390,1
9391,1
9392,1
9393,1
9394,1
9395,1
9396,0
9397,0
9398,0
9399,0
9400,0
9401,0
9402,0
9403,0
9404,0
9405,0
9406,0
9407,0
9408,0
9409,1
9410,1
9411,0
9412,0
9413,1
9414,1
9415,1
9416,1
9417,0
9418,0
9419,0
9420,0
9421,0
9422,1
9423,1
9424,1
9425,1
9426,0
9427,0
9428,1
9429,1
9430,0
9431,0
9432,0
9433,1
9434,0
9435,0
9436,1
9437,1
9438,1
9439,0
9440,0
9441,0
9442,1
9443,1
9444,1
9445,1
9446,1
9447,1
9448,1
9449,1
9450,1
9451,1
9452,1
9453,1
9454,1
9455,1
9456,1
9457,1
9458,0
9459,1
9460,1
9461,1
9462,1
9463,1
9464,1
9465,1
9466,1
9467,1
9468,1
9469,1
9470,1
9471,1
9472,0
9473,0
9474,0
9475,1
9476,0
9477,0
9478,0
9479,0
9480,0
9481,0
9482,0
9483,0
9484,1
9485,1
9486,1
9487,1
9488,0
9489,0
9490,0
9491,0
9492,0
9493,0
9494,0
9495,1
9496,1
9497,0
9498,0
9499,0
9500,0
9501,0
9502,0
9503,0
9504,0
9505,0
9506,0
9507,0
9508,1
9509,0
9510,0
9511,0
9512,0
9513,1
9514,1
9515,1
9516,1
9517,1
9518,0
9519,0
9520,0
9521,0
9522,0
9523,0
9524,0
9525,0
9526,0
9527,0
9528,0
9529,0
9530,0
9531,0
9532,0
9533,0
9534,0
9535,0
9536,1
9537,1
9538,1
9539,1
9540,1
9541,0
9542,0
9543,0
9544,0
9545,0
9546,0
9547,0
9548,0
9549,0
9550,0
9551,0
9552,0
9553,0
9554,0
9555,1
9556,0
9557,0
9558,0
9559,1
9560,1
9561,1
9562,1
9563,0
9564,0
9565,0
9566,0
9567,0
9568,1
9569,1
9570,1
9571,0
9572,0
9573,0
9574,1
9575,0
9576,0
9577,0
9578,0
9579,1
9580,0
9581,1
9582,1
9583,1
9584,1
9585,0
9586,0
9587,1
9588,1
9589,1
9590,1
9591,1
9592,1
9593,1
9594,1
9595,1
9596,1
9597,1
9598,1
9599,1
9600,1
9601,1
9602,1
9603,1
9604,1
9605,1
9606,1
9607,1
9608,1
9609,1
9610,1
9611,1
9612,1
9613,1
9614,1
9615,1
9616,1
9617,0
9618,0
9619,0
9620,1
9621,1
9622,0
9623,0
9624,0
9625,0
9626,0
9627,0
9628,0
9629,1
9630,1
9631,1
9632,1
9633,0
9634,0
9635,0
9636,0
9637,0
9638,0
9639,0
9640,0
9641,1
9642,1
9643,0
9644,0
9645,0
9646,0
9647,0
9648,0
9649,0
9650,0
9651,0
9652,0
9653,0
9654,0
9655,0
9656,0
9657,0
9658,1
9659,1
9660,1
9661,1
9662,1
9663,0
9664,0
9665,0
9666,0
9667,0
9668,0
9669,0
9670,0
9671,0
9672,0
9673,0
9674,0
9675,0
9676,0
9677,0
9678,0
9679,0
9680,0
9681,0
9682,0
9683,1
9684,1
9685,1
9686,1
9687,1
9688,0
9689,0
9690,0
9691,0
9692,0
9693,0
9694,0
9695,0
9696,0
9697,0
9698,0
9699,0
9700,0
9701,0
9702,1
9703,0
9704,0
9705,1
9706,1
9707,1
9708,1
9709,0
9710,0
9711,0
9712,0
9713,0
9714,0
9715,1
9716,1
9717,1
9718,0
9719,0
9720,0
9721,1
9722,0
9723,0
9724,0
9725,1
9726,1
9727,1
9728,1
9729,1
9730,1
9731,1
9732,0
9733,1
9734,1
9735,1
9736,1
9737,1
9738,1
9739,1
9740,1
9741,1
9742,1
9743,1
9744,1
9745,1
9746,1
9747,1
9748,1
9749,1
9750,1
9751,1
9752,1
9753,1
9754,1
9755,1
9756,1
9757,1
9758,1
9759,1
9760,1
9761,1
9762,1
9763,1
9764,0
9765,0
9766,1
9767,1
9768,0
9769,0
9770,0
9771,0
9772,0
9773,0
9774,0
9775,1
9776,1
9777,1
9778,1
9779,0
9780,0
9781,0
9782,0
9783,0
9784,0
9785,0
9786,0
9787,1
9788,1
9789,0
9790,1
9791,0
9792,0
9793,0
9794,0
9795,0
9796,0
9797,0
9798,0
9799,0
9800,0
9801,0
9802,0
9803,0
9804,1
9805,1
9806,1
9807,1
9808,1
9809,0
9810,0
9811,0
9812,0
9813,0
9814,0
9815,0
9816,0
9817,0
9818,0
9819,0
9820,1
9821,0
9822,0
9823,0
9824,0
9825,0
9826,0
9827,0
9828,1
9829,1
9830,1
9831,1
9832,1
9833,0
9834,0
9835,0
9836,0
9837,0
9838,0
9839,0
9840,0
9841,0
9842,0
9843,0
9844,1
9845,0
9846,0
9847,1
9848,0
9849,0
9850,0
9851,1
9852,1
9853,1
9854,1
9855,0
9856,0
9857,0
9858,0
9859,0
9860,1
9861,1
9862,1
9863,0
9864,0
9865,0
9866,1
9867,0
9868,0
9869,0
9870,0
9871,1
9872,1
9873,1
9874,1
9875,1
9876,1
9877,1
9878,1
9879,1
9880,1
9881,1
9882,1
9883,1
9884,1
9885,1
9886,1
9887,1
9888,1
9889,1
9890,1
9891,1
9892,1
9893,1
9894,1
9895,1
9896,1
9897,1
9898,1
9899,1
9900,1
9901,1
9902,1
9903,1
9904,1
9905,1
9906,1
9907,1
9908,1
9909,0
9910,1
9911,1
9912,1
9913,0
9914,0
9915,0
9916,0
9917,0
9918,0
9919,0
9920,1
9921,1
9922,1
9923,1
9924,0
9925,0
9926,0
9927,0
9928,0
9929,0
9930,0
9931,0
9932,1
9933,1
9934,0
9935,0
9936,0
9937,0
9938,0
9939,0
9940,0
9941,0
9942,0
9943,0
9944,0
9945,0
9946,0
9947,0
9948,0
9949,0
9950,1
9951,1
9952,1
9953,1
9954,1
9955,0
9956,0
9957,0
9958,0
9959,0
9960,0
9961,0
9962,0
9963,0
9964,0
9965,0
9966,0
9967,0
9968,0
9969,0
9970,0
9971,0
9972,0
9973,0
9974,0
9975,1
9976,1
9977,1
9978,1
9979,1
9980,0
9981,0
9982,0
9983,0
9984,0
9985,0
9986,0
9987,0
9988,0
9989,0
9990,0
9991,1
9992,0
9993,0
9994,0
9995,0
9996,0
9997,1
9998,1
9999,1
10000,1
10001,1
10002,0
10003,0
10004,0
10005,0
10006,0
10007,1
10008,1
10009,1
10010,0
10011,0
10012,0
10013,0
10014,0
10015,0
10016,0
10017,1
10018,1
10019,1
10020,1
10021,1
10022,1
10023,1
10024,1
10025,1
10026,1
10027,1
10028,1
10029,1
10030,1
10031,1
10032,1
10033,1
10034,1
10035,1
10036,1
10037,1
10038,1
10039,1
10040,1
10041,1
10042,1
10043,1
10044,1
10045,1
10046,1
10047,1
10048,1
10049,1
10050,1
10051,1
10052,1
10053,1
10054,0
10055,0
10056,0
10057,1
10058,1
10059,1
10060,0
10061,0
10062,0
10063,0
10064,0
10065,0
10066,1
10067,1
10068,1
10069,1
10070,1
10071,0
10072,0
10073,0
10074,0
10075,0
10076,0
10077,0
10078,1
10079,1
10080,1
10081,0
10082,0
10083,0
10084,0
10085,0
10086,0
10087,0
10088,0
10089,0
10090,0
10091,0
10092,0
10093,0
10094,0
10095,0
10096,0
10097,1
10098,1
10099,1
10100,1
10101,0
10102,0
10103,0
10104,0
10105,0
10106,0
10107,0
10108,0
10109,0
10110,0
10111,0
10112,0
10113,0
10114,0
10115,0
10116,0
10117,0
10118,0
10119,0
10120,0
10121,0
10122,0
10123,1
10124,1
10125,1
10126,1
10127,0
10128,0
10129,0
10130,0
10131,0
10132,0
10133,0
10134,0
10135,0
10136,0
10137,0
10138,0
10139,0
10140,0
10141,0
10142,0
10143,0
10144,0
10145,1
10146,1
10147,1
10148,1
10149,0
10150,0
10151,0
10152,0
10153,0
10154,1
10155,1
10156,1
10157,0
10158,0
10159,0
10160,0
10161,0
10162,0
10163,0
10164,0
10165,1
10166,1
10167,1
10168,1
10169,1
10170,1
10171,1
10172,1
10173,1
10174,1
10175,1
10176,1
10177,1
10178,1
10179,1
10180,1
10181,1
10182,1
10183,1
10184,1
10185,1
10186,1
10187,1
10188,1
10189,1
10190,1
10191,1
10192,1
10193,1
10194,1
10195,1
10196,1
10197,1
10198,1
10199,1
10200,1
10201,0
10202,0
10203,0
10204,1
10205,1
10206,1
10207,0
10208,0
10209,0
10210,0
10211,0
10212,0
10213,1
10214,1
10215,1
10216,1
10217,1
10218,0
10219,0
10220,0
10221,0
10222,1
10223,0
10224,0
10225,1
10226,1
10227,1
10228,0
10229,0
10230,0
10231,0
10232,0
10233,0
10234,0
10235,1
10236,0
10237,0
10238,0
10239,0
10240,0
10241,0
10242,0
10243,0
10244,0
10245,1
10246,1
10247,1
10248,1
10249,0
10250,1
10251,1
10252,0
10253,0
10254,0
10255,0
10256,0
10257,0
10258,0
10259,0
10260,0
10261,0
10262,0
10263,0
10264,0
10265,0
10266,0
10267,0
10268,0
10269,0
10270,0
10271,1
10272,1
10273,1
10274,0
10275,0
10276,0
10277,0
10278,0
10279,0
10280,0
10281,0
10282,0
10283,0
10284,0
10285,0
10286,0
10287,0
10288,0
10289,0
10290,0
10291,0
10292,1
10293,1
10294,1
10295,1
10296,0
10297,0
10298,0
10299,0
10300,0
10301,0
10302,1
10303,1
10304,0
10305,0
10306,0
10307,0
10308,0
10309,0
10310,0
10311,0
10312,0
10313,1
10314,1
10315,1
10316,1
10317,1
10318,1
10319,1
10320,1
10321,1
10322,1
10323,1
10324,1
10325,1
10326,1
10327,1
10328,1
10329,1
10330,1
10331,1
10332,1
10333,1
10334,1
10335,1
10336,1
10337,1
10338,1
10339,1
10340,1
10341,1
10342,1
10343,1
10344,1
10345,1
10346,1
10347,1
10348,0
10349,0
10350,0
10351,0
10352,1
10353,1
10354,0
10355,0
10356,0
10357,0
10358,0
10359,0
10360,1
10361,1
10362,1
10363,1
10364,1
10365,1
10366,0
10367,0
10368,0
10369,0
10370,0
10371,0
10372,1
10373,1
10374,1
10375,1
10376,0
10377,0
10378,0
10379,0
10380,0
10381,0
10382,1
10383,1
10384,1
10385,0
10386,0
10387,0
10388,0
10389,0
10390,0
10391,0
10392,1
10393,1
10394,1
10395,1
10396,0
10397,0
10398,1
10399,1
10400,0
10401,0
10402,0
10403,0
10404,0
10405,0
10406,0
10407,0
10408,1
10409,0
10410,0
10411,0
10412,0
10413,0
10414,0
10415,0
10416,0
10417,0
10418,0
10419,0
10420,1
10421,1
10422,0
10423,0
10424,0
10425,0
10426,0
10427,0
10428,0
10429,0
10430,1
10431,0
10432,0
10433,0
10434,0
10435,0
10436,0
10437,0
10438,0
10439,0
10440,0
10441,1
10442,1
10443,1
10444,0
10445,0
10446,0
10447,0
10448,0
10449,0
10450,1
10451,1
10452,0
10453,0
10454,0
10455,0
10456,0
10457,0
10458,0
10459,0
10460,0
10461,0
10462,1
10463,1
10464,1
10465,1
10466,1
10467,1
10468,1
10469,1
10470,1
10471,1
10472,1
10473,1
10474,1
10475,1
10476,1
10477,1
10478,1
10479,1
10480,1
10481,1
10482,1
10483,1
10484,1
10485,1
10486,1
10487,1
10488,1
10489,1
10490,1
10491,1
10492,1
10493,1
10494,1
10495,1
10496,0
10497,0
10498,0
10499,0
10500,1
10501,1
10502,1
10503,0
10504,0
10505,0
10506,0
10507,0
10508,0
10509,1
10510,1
10511,1
10512,1
10513,1
10514,0
10515,0
10516,0
10517,0
10518,0
10519,0
10520,1
10521,1
10522,1
10523,1
10524,0
10525,0
10526,0
10527,0
10528,0
10529,0
10530,0
10531,1
10532,1
10533,1
10534,0
10535,0
10536,0
10537,0
10538,0
10539,0
10540,0
10541,1
10542,1
10543,1
10544,1
10545,0
10546,0
10547,1
10548,0
10549,0
10550,0
10551,0
10552,0
10553,0
10554,0
10555,0
10556,1
10557,1
10558,0
10559,0
10560,0
10561,0
10562,0
10563,0
10564,0
10565,0
10566,0
10567,0
10568,0
10569,1
10570,0
10571,0
10572,0
10573,0
10574,0
10575,0
10576,0
10577,0
10578,0
10579,1
10580,0
10581,0
10582,0
10583,0
10584,0
10585,0
10586,0
10587,0
10588,0
10589,1
10590,1
10591,1
10592,0
10593,0
10594,0
10595,0
10596,0
10597,0
10598,0
10599,1
10600,1
10601,0
10602,0
10603,0
10604,0
10605,0
10606,0
10607,0
10608,0
10609,0
10610,0
10611,1
10612,1
10613,1
10614,1
10615,1
10616,1
10617,1
10618,1
10619,1
10620,1
10621,1
10622,1
10623,1
10624,1
10625,1
10626,1
10627,1
10628,1
10629,0
10630,1
10631,1
10632,1
10633,1
10634,1
10635,1
10636,1
10637,1
10638,1
10639,1
10640,1
10641,1
10642,1
10643,1
10644,0
10645,0
10646,0
10647,0
10648,1
10649,1
10650,1
10651,0
10652,0
10653,0
10654,0
10655,0
10656,0
10657,1
10658,1
10659,1
10660,1
10661,1
10662,1
10663,0
10664,0
10665,0
10666,0
10667,0
10668,0
10669,1
10670,1
10671,1
10672,0
10673,0
10674,0
10675,0
10676,0
10677,0
10678,0
10679,0
10680,0
10681,0
10682,0
10683,0
10684,0
10685,0
10686,0
10687,0
10688,0
10689,0
10690,1
10691,1
10692,1
10693,0
10694,0
10695,0
10696,0
10697,0
10698,1
10699,1
10700,1
10701,0
10702,0
10703,0
10704,1
10705,1
10706,1
10707,0
10708,0
10709,0
10710,0
10711,0
10712,0
10713,0
10714,0
10715,0
10716,0
10717,1
10718,0
10719,0
10720,0
10721,0
10722,0
10723,0
10724,0
10725,0
10726,0
10727,0
10728,1
10729,0
10730,0
10731,0
10732,0
10733,0
10734,0
10735,0
10736,0
10737,0
10738,1
10739,1
10740,1
10741,0
10742,0
10743,0
10744,0
10745,0
10746,0
10747,0
10748,1
10749,0
10750,0
10751,0
10752,0
10753,0
10754,0
10755,1
10756,0
10757,0
10758,0
10759,1
10760,1
10761,1
10762,1
10763,1
10764,1
10765,1
10766,1
10767,1
10768,1
10769,1
10770,1
10771,1
10772,1
10773,1
10774,1
10775,1
10776,1
10777,0
10778,0
10779,0
10780,1
10781,1
10782,1
10783,1
10784,1
10785,1
10786,1
10787,1
10788,1
10789,1
10790,1
10791,1
10792,0
10793,0
10794,0
10795,0
10796,1
10797,1
10798,1
10799,1
10800,0
10801,0
10802,0
10803,0
10804,0
10805,0
10806,1
10807,1
10808,1
10809,1
10810,1
10811,0
10812,0
10813,0
10814,0
10815,0
10816,0
10817,1
10818,1
10819,1
10820,1
10821,0
10822,0
10823,0
10824,0
10825,0
10826,0
10827,0
10828,0
10829,0
10830,0
10831,0
10832,0
10833,0
10834,1
10835,0
10836,0
10837,0
10838,0
10839,1
10840,1
10841,0
10842,0
10843,0
10844,0
10845,0
10846,1
10847,1
10848,1
10849,1
10850,0
10851,0
10852,1
10853,1
10854,1
10855,1
10856,0
10857,0
10858,0
10859,0
10860,0
10861,0
10862,0
10863,0
10864,0
10865,0
10866,0
10867,0
10868,0
10869,0
10870,0
10871,0
10872,0
10873,0
10874,0
10875,0
10876,0
10877,1
10878,1
10879,0
10880,0
10881,0
10882,0
10883,0
10884,0
10885,0
10886,0
10887,1
10888,1
10889,1
10890,0
10891,0
10892,0
10893,0
10894,0
10895,0
10896,0
10897,1
10898,0
10899,0
10900,0
10901,0
10902,0
10903,0
10904,0
10905,1
10906,0
10907,0
10908,0
10909,1
10910,1
10911,1
10912,1
10913,1
10914,1
10915,1
10916,1
10917,1
10918,1
10919,1
10920,1
10921,1
10922,1
10923,1
10924,1
10925,0
10926,0
10927,0
10928,0
10929,0
10930,1
10931,1
10932,1
10933,1
10934,1
10935,1
10936,1
10937,1
10938,1
10939,1
10940,1
10941,0
10942,0
10943,0
10944,0
10945,0
10946,1
10947,1
10948,1
10949,0
10950,0
10951,0
10952,0
10953,0
10954,0
10955,1
10956,1
10957,1
10958,1
10959,1
10960,0
10961,0
10962,0
10963,0
10964,0
10965,0
10966,0
10967,1
10968,1
10969,1
10970,0
10971,0
10972,0
10973,0
10974,0
10975,0
10976,0
10977,0
10978,0
10979,0
10980,0
10981,1
10982,0
10983,0
10984,0
10985,0
10986,0
10987,0
10988,0
10989,1
10990,1
10991,0
10992,0
10993,0
10994,0
10995,0
10996,1
10997,1
10998,1
10999,1
11000,0
11001,1
11002,1
11003,1
11004,1
11005,1
11006,0
11007,0
11008,0
11009,0
11010,0
11011,0
11012,0
11013,0
11014,0
11015,0
11016,0
11017,0
11018,0
11019,0
11020,0
11021,0
11022,0
11023,0
11024,0
11025,0
11026,0
11027,0
11028,0
11029,1
11030,1
11031,0
11032,0
11033,0
11034,0
11035,0
11036,0
11037,0
11038,0
11039,1
11040,1
11041,1
11042,0
11043,0
11044,0
11045,0
11046,0
11047,0
11048,0
11049,1
11050,0
11051,0
11052,0
11053,0
11054,0
11055,0
11056,0
11057,1
11058,0
11059,0
11060,1
11061,1
11062,1
11063,1
11064,1
11065,1
11066,1
11067,1
11068,1
11069,1
11070,1
11071,1
11072,1
11073,1
11074,1
11075,1
11076,0
11077,0
11078,0
11079,0
11080,0
11081,0
11082,0
11083,1
11084,1
11085,1
11086,1
11087,1
11088,1
11089,1
11090,1
11091,1
11092,0
11093,0
11094,0
11095,0
11096,0
11097,1
11098,1
11099,1
11100,1
11101,0
11102,0
11103,0
11104,0
11105,0
11106,1
11107,1
11108,1
11109,1
11110,1
11111,0
11112,0
11113,0
11114,0
11115,0
11116,0
11117,0
11118,1
11119,1
11120,1
11121,1
11122,0
11123,0
11124,0
11125,0
11126,0
11127,0
11128,0
11129,0
11130,0
11131,0
11132,0
11133,0
11134,0
11135,0
11136,1
11137,0
11138,0
11139,0
11140,0
11141,1
11142,0
11143,0
11144,0
11145,0
11146,0
11147,1
11148,1
11149,1
11150,1
11151,1
11152,1
11153,1
11154,1
11155,1
11156,1
11157,1
11158,0
11159,0
11160,0
11161,0
11162,0
11163,0
11164,0
11165,0
11166,0
11167,0
11168,0
11169,0
11170,0
11171,0
11172,0
11173,0
11174,0
11175,0
11176,0
11177,0
11178,0
11179,0
11180,0
11181,1
11182,0
11183,0
11184,1
11185,0
11186,0
11187,0
11188,0
11189,0
11190,0
11191,0
11192,0
11193,1
11194,1
11195,1
11196,0
11197,0
11198,0
11199,0
11200,0
11201,0
11202,0
11203,1
11204,0
11205,0
11206,0
11207,0
11208,0
11209,0
11210,0
11211,1
11212,0
11213,0
11214,0
11215,1
11216,1
11217,1
11218,1
11219,1
11220,1
11221,1
11222,1
11223,1
11224,1
11225,1
11226,1
11227,1
11228,1
11229,1
11230,0
11231,0
11232,0
11233,0
11234,0
11235,0
11236,0
11237,0
11238,1
11239,1
11240,1
11241,1
11242,1
11243,1
11244,1
11245,0
11246,0
11247,0
11248,0
11249,0
11250,0
11251,1
11252,1
11253,1
11254,1
11255,0
11256,0
11257,0
11258,0
11259,0
11260,1
11261,1
11262,1
11263,1
11264,1
11265,0
11266,0
11267,0
11268,0
11269,0
11270,0
11271,0
11272,0
11273,1
11274,1
11275,1
11276,0
11277,0
11278,0
11279,0
11280,0
11281,0
11282,0
11283,0
11284,0
11285,0
11286,0
11287,1
11288,0
11289,0
11290,0
11291,1
11292,0
11293,0
11294,0
11295,1
11296,1
11297,0
11298,0
11299,1
11300,0
11301,1
11302,1
11303,1
11304,1
11305,1
11306,1
11307,1
11308,1
11309,1
11310,1
11311,1
11312,1
11313,0
11314,0
11315,0
11316,0
11317,0
11318,0
11319,0
11320,0
11321,0
11322,0
11323,0
11324,0
11325,0
11326,0
11327,0
11328,0
11329,0
11330,0
11331,0
11332,0
11333,0
11334,0
11335,0
11336,0
11337,0
11338,0
11339,0
11340,1
11341,0
11342,1
11343,1
11344,0
11345,0
11346,0
11347,0
11348,0
11349,0
11350,0
11351,1
11352,1
11353,1
11354,1
11355,0
11356,0
11357,0
11358,0
11359,0
11360,0
11361,0
11362,1
11363,0
11364,0
11365,0
11366,0
11367,0
11368,0
11369,0
11370,1
11371,0
11372,0
11373,1
11374,1
11375,1
11376,1
11377,1
11378,1
11379,1
11380,1
11381,1
11382,1
11383,1
11384,1
11385,1
11386,1
11387,1
11388,0
11389,0
11390,0
11391,0
11392,0
11393,0
11394,0
11395,0
11396,0
11397,0
11398,1
11399,1
11400,1
11401,1
11402,1
11403,0
11404,0
11405,0
11406,0
11407,0
11408,0
11409,1
11410,1
11411,1
11412,1
11413,1
11414,0
11415,0
11416,0
11417,0
11418,1
11419,1
11420,1
11421,1
11422,1
11423,0
11424,0
11425,0
11426,0
11427,0
11428,0
11429,0
11430,0
11431,1
11432,1
11433,1
11434,1
11435,0
11436,0
11437,0
11438,0
11439,0
11440,0
11441,0
11442,0
11443,0
11444,0
11445,0
11446,1
11447,0
11448,0
11449,1
11450,1
11451,0
11452,0
11453,0
11454,1
11455,0
11456,0
11457,0
11458,1
11459,1
11460,1
11461,0
11462,1
11463,1
11464,1
11465,1
11466,1
11467,1
11468,1
11469,1
11470,1
11471,1
11472,0
11473,0
11474,0
11475,0
11476,0
11477,0
11478,0
11479,0
11480,0
11481,0
11482,0
11483,0
11484,0
11485,0
11486,0
11487,0
11488,0
11489,0
11490,0
11491,0
11492,0
11493,0
11494,0
11495,0
11496,0
11497,0
11498,0
11499,0
11500,1
11501,0
11502,0
11503,1
11504,0
11505,0
11506,0
11507,0
11508,0
11509,0
11510,0
11511,1
11512,1
11513,1
11514,1
11515,0
11516,0
11517,0
11518,0
11519,0
11520,0
11521,0
11522,1
11523,0
11524,0
11525,0
11526,0
11527,0
11528,0
11529,0
11530,0
11531,0
11532,0
11533,0
11534,1
11535,1
11536,1
11537,1
11538,1
11539,1
11540,1
11541,1
11542,1
11543,1
11544,1
11545,1
11546,1
11547,1
11548,0
11549,0
11550,0
11551,0
11552,0
11553,0
11554,0
11555,0
11556,0
11557,0
11558,0
11559,1
11560,1
11561,1
11562,0
11563,0
11564,0
11565,0
11566,0
11567,0
11568,0
11569,1
11570,1
11571,1
11572,1
11573,1
11574,0
11575,0
11576,0
11577,0
11578,0
11579,1
11580,1
11581,1
11582,1
11583,0
11584,0
11585,0
11586,0
11587,0
11588,0
11589,0
11590,0
11591,0
11592,1
11593,1
11594,1
11595,0
11596,0
11597,0
11598,0
11599,0
11600,0
11601,0
11602,0
11603,0
11604,0
11605,0
11606,1
11607,0
11608,0
11609,0
11610,1
11611,1
11612,0
11613,0
11614,1
11615,1
11616,0
11617,0
11618,1
11619,1
11620,1
11621,0
11622,0
11623,1
11624,1
11625,1
11626,1
11627,1
11628,1
11629,1
11630,1
11631,1
11632,1
11633,0
11634,0
11635,0
11636,0
11637,0
11638,0
11639,0
11640,0
11641,0
11642,0
11643,0
11644,0
11645,0
11646,0
11647,0
11648,0
11649,0
11650,0
11651,0
11652,0
11653,0
11654,0
11655,0
11656,0
11657,0
11658,0
11659,0
11660,0
11661,1
11662,0
11663,1
11664,1
11665,0
11666,0
11667,0
11668,0
11669,0
11670,0
11671,1
11672,1
11673,1
11674,1
11675,1
11676,0
11677,0
11678,0
11679,0
11680,0
11681,0
11682,0
11683,1
11684,0
11685,0
11686,0
11687,0
11688,0
11689,0
11690,0
11691,0
11692,0
11693,0
11694,1
11695,1
11696,1
11697,1
11698,1
11699,1
11700,1
11701,1
11702,1
11703,1
11704,1
11705,1
11706,1
11707,0
11708,0
11709,0
11710,0
11711,0
11712,0
11713,0
11714,0
11715,0
11716,0
11717,0
11718,0
11719,0
11720,0
11721,0
11722,0
11723,0
11724,0
11725,0
11726,0
11727,0
11728,0
11729,1
11730,1
11731,1
11732,1
11733,1
11734,1
11735,0
11736,0
11737,0
11738,0
11739,1
11740,1
11741,1
11742,1
11743,0
11744,0
11745,0
11746,0
11747,0
11748,0
11749,0
11750,0
11751,0
11752,1
11753,1
11754,1
11755,0
11756,0
11757,0
11758,0
11759,0
11760,0
11761,0
11762,0
11763,0
11764,0
11765,0
11766,0
11767,0
11768,0
11769,0
11770,1
11771,1
11772,1
11773,0
11774,0
11775,1
11776,0
11777,0
11778,0
11779,1
11780,1
11781,0
11782,0
11783,0
11784,1
11785,1
11786,1
11787,1
11788,1
11789,1
11790,1
11791,1
11792,1
11793,1
11794,0
11795,0
11796,0
11797,0
11798,0
11799,0
11800,0
11801,0
11802,0
11803,0
11804,0
11805,0
11806,0
11807,0
11808,0
11809,0
11810,0
11811,0
11812,0
11813,0
11814,0
11815,0
11816,0
11817,0
11818,1
11819,0
11820,0
11821,0
11822,1
11823,0
11824,0
11825,1
11826,1
11827,0
11828,0
11829,0
11830,0
11831,0
11832,1
11833,1
11834,1
11835,1
11836,1
11837,0
11838,0
11839,0
11840,0
11841,0
11842,0
11843,0
11844,1
11845,0
11846,0
11847,0
11848,0
11849,0
11850,0
11851,0
11852,0
11853,0
11854,0
11855,1
11856,1
11857,1
11858,1
11859,1
11860,1
11861,1
11862,1
11863,1
11864,1
11865,1
11866,1
11867,1
11868,0
11869,0
11870,0
11871,0
11872,0
11873,0
11874,0
11875,0
11876,0
11877,0
11878,0
11879,0
11880,0
11881,0
11882,0
11883,0
11884,0
11885,0
11886,0
11887,0
11888,0
11889,0
11890,1
11891,1
11892,1
11893,1
11894,1
11895,1
11896,1
11897,0
11898,0
11899,0
11900,1
11901,1
11902,1
11903,1
11904,0
11905,0
11906,0
11907,0
11908,0
11909,0
11910,0
11911,0
11912,0
11913,1
11914,1
11915,1
11916,0
11917,0
11918,0
11919,0
11920,0
11921,0
11922,0
11923,0
11924,0
11925,0
11926,0
11927,0
11928,0
11929,0
11930,0
11931,0
11932,1
11933,1
11934,0
11935,0
11936,1
11937,0
11938,0
11939,0
11940,1
11941,1
11942,1
11943,0
11944,0
11945,0
11946,1
11947,1
11948,1
11949,1
11950,1
11951,1
11952,1
11953,1
11954,1
11955,1
11956,0
11957,0
11958,0
11959,0
11960,1
11961,1
11962,0
11963,0
11964,0
11965,0
11966,0
11967,0
11968,0
11969,0
11970,0
11971,0
11972,0
11973,0
11974,0
11975,0
11976,0
11977,0
11978,0
11979,0
11980,0
11981,0
11982,0
11983,0
11984,0
11985,0
11986,1
11987,1
11988,0
11989,0
11990,0
11991,0
11992,0
11993,1
11994,1
11995,1
11996,1
11997,1
11998,1
11999,0
12000,0
12001,0
12002,0
12003,0
12004,0
12005,0
12006,1
12007,0
12008,0
12009,0
12010,0
12011,0
12012,0
12013,0
12014,0
12015,1
12016,0
12017,1
12018,1
12019,1
12020,1
12021,1
12022,1
12023,1
12024,1
12025,1
12026,1
12027,1
12028,1
12029,0
12030,0
12031,0
12032,0
12033,0
12034,0
12035,0
12036,0
12037,0
12038,0
12039,0
12040,0
12041,0
12042,0
12043,0
12044,0
12045,0
12046,0
12047,0
12048,0
12049,0
12050,0
12051,0
12052,1
12053,1
12054,1
12055,1
12056,1
12057,1
12058,0
12059,0
12060,0
12061,1
12062,1
12063,1
12064,1
12065,0
12066,0
12067,0
12068,0
12069,0
12070,0
12071,0
12072,0
12073,0
12074,0
12075,1
12076,1
12077,0
12078,0
12079,0
12080,0
12081,0
12082,0
12083,0
12084,0
12085,0
12086,0
12087,0
12088,0
12089,0
12090,0
12091,0
12092,0
12093,1
12094,1
12095,1
12096,0
12097,0
12098,1
12099,0
12100,0
12101,1
12102,1
12103,1
12104,0
12105,0
12106,0
12107,0
12108,1
12109,1
12110,1
12111,1
12112,1
12113,1
12114,1
12115,1
12116,1
12117,1
12118,0
12119,0
12120,0
12121,1
12122,1
12123,1
12124,0
12125,0
12126,0
12127,0
12128,0
12129,0
12130,0
12131,0
12132,0
12133,0
12134,0
12135,0
12136,0
12137,0
12138,0
12139,0
12140,0
12141,0
12142,1
12143,0
12144,0
12145,0
12146,0
12147,0
12148,0
12149,1
12150,0
12151,0
12152,0
12153,0
12154,0
12155,0
12156,1
12157,1
12158,1
12159,1
12160,1
12161,1
12162,0
12163,0
12164,0
12165,0
12166,0
12167,0
12168,1
12169,0
12170,0
12171,0
12172,0
12173,0
12174,0
12175,0
12176,0
12177,0
12178,0
12179,1
12180,1
12181,1
12182,1
12183,1
12184,1
12185,1
12186,1
12187,1
12188,1
12189,1
12190,1
12191,0
12192,0
12193,0
12194,0
12195,0
12196,0
12197,0
12198,0
12199,0
12200,0
12201,0
12202,0
12203,0
12204,0
12205,0
12206,0
12207,0
12208,0
12209,0
12210,0
12211,0
12212,0
12213,0
12214,1
12215,1
12216,1
12217,1
12218,1
12219,1
12220,0
12221,0
12222,0
12223,1
12224,1
12225,1
12226,1
12227,1
12228,0
12229,0
12230,0
12231,0
12232,0
12233,0
12234,0
12235,0
12236,0
12237,1
12238,1
12239,0
12240,0
12241,0
12242,0
12243,0
12244,0
12245,0
12246,0
12247,0
12248,0
12249,0
12250,0
12251,0
12252,0
12253,0
12254,0
12255,0
12256,1
12257,1
12258,0
12259,0
12260,1
12261,0
12262,0
12263,1
12264,1
12265,1
12266,1
12267,0
12268,0
12269,0
12270,0
12271,1
12272,1
12273,1
12274,1
12275,1
12276,1
12277,1
12278,1
12279,1
12280,1
12281,0
12282,1
12283,1
12284,1
12285,1
12286,1
12287,0
12288,0
12289,0
12290,0
12291,0
12292,0
12293,0
12294,0
12295,0
12296,0
12297,0
12298,0
12299,0
12300,0
12301,0
12302,0
12303,0
12304,0
12305,0
12306,0
12307,0
12308,0
12309,0
12310,0
12311,0
12312,1
12313,1
12314,0
12315,0
12316,0
12317,0
12318,0
12319,1
12320,1
12321,1
12322,1
12323,1
12324,1
12325,1
12326,1
12327,0
12328,0
12329,0
12330,0
12331,0
12332,1
12333,0
12334,0
12335,0
12336,0
12337,0
12338,0
12339,0
12340,0
12341,0
12342,0
12343,1
12344,1
12345,1
12346,1
12347,1
12348,1
12349,1
12350,1
12351,1
12352,1
12353,1
12354,0
12355,0
12356,0
12357,0
12358,0
12359,0
12360,0
12361,0
12362,0
12363,0
12364,0
12365,0
12366,0
12367,0
12368,0
12369,0
12370,0
12371,0
12372,0
12373,0
12374,0
12375,0
12376,0
12377,0
12378,1
12379,1
12380,1
12381,1
12382,1
12383,0
12384,0
12385,0
12386,1
12387,1
12388,1
12389,1
12390,1
12391,0
12392,0
12393,0
12394,0
12395,0
12396,0
12397,0
12398,0
12399,0
12400,0
12401,1
12402,1
12403,0
12404,0
12405,0
12406,0
12407,0
12408,0
12409,0
12410,0
12411,0
12412,0
12413,0
12414,0
12415,0
12416,0
12417,0
12418,0
12419,0
12420,1
12421,0
12422,0
12423,0
12424,1
12425,0
12426,1
12427,1
12428,1
12429,1
12430,0
12431,0
12432,0
12433,0
12434,0
12435,1
12436,1
12437,1
12438,1
12439,1
12440,1
12441,1
12442,1
12443,1
12444,1
12445,1
12446,1
12447,1
12448,1
12449,1
12450,1
12451,1
12452,0
12453,0
12454,0
12455,0
12456,0
12457,0
12458,1
12459,0
12460,0
12461,0
12462,0
12463,0
12464,0
12465,0
12466,0
12467,0
12468,0
12469,0
12470,0
12471,0
12472,0
12473,0
12474,0
12475,0
12476,1
12477,0
12478,0
12479,0
12480,0
12481,0
12482,1
12483,1
12484,1
12485,1
12486,1
12487,1
12488,1
12489,1
12490,1
12491,0
12492,0
12493,0
12494,0
12495,1
12496,0
12497,0
12498,0
12499,0
12500,0
12501,0
12502,0
12503,0
12504,0
12505,0
12506,1
12507,1
12508,1
12509,1
12510,1
12511,1
12512,1
12513,1
12514,1
12515,1
12516,1
12517,0
12518,0
12519,0
12520,0
12521,0
12522,0
12523,0
12524,0
12525,0
12526,0
12527,0
12528,0
12529,0
12530,0
12531,0
12532,0
12533,0
12534,0
12535,0
12536,0
12537,0
12538,0
12539,0
12540,0
12541,1
12542,1
12543,1
12544,1
12545,1
12546,1
12547,0
12548,0
12549,0
12550,1
12551,1
12552,1
12553,0
12554,1
12555,0
12556,0
12557,0
12558,0
12559,0
12560,0
12561,0
12562,0
12563,0
12564,1
12565,1
12566,0
12567,0
12568,0
12569,0
12570,0
12571,0
12572,0
12573,0
12574,0
12575,0
12576,0
12577,0
12578,0
12579,0
12580,0
12581,0
12582,0
12583,0
12584,0
12585,0
12586,0
12587,0
12588,0
12589,0
12590,1
12591,1
12592,1
12593,0
12594,0
12595,0
12596,0
12597,0
12598,0
12599,1
12600,1
12601,1
12602,1
12603,1
12604,1
12605,1
12606,1
12607,1
12608,1
12609,1
12610,1
12611,1
12612,1
12613,1
12614,1
12615,1
12616,1
12617,0
12618,0
12619,0
12620,0
12621,0
12622,0
12623,0
12624,0
12625,0
12626,0
12627,0
12628,0
12629,0
12630,0
12631,0
12632,0
12633,0
12634,0
12635,0
12636,0
12637,0
12638,0
12639,0
12640,1
12641,1
12642,0
12643,0
12644,0
12645,0
12646,0
12647,0
12648,1
12649,1
12650,1
12651,1
12652,1
12653,1
12654,1
12655,1
12656,0
12657,0
12658,0
12659,1
12660,1
12661,0
12662,0
12663,0
12664,0
12665,0
12666,1
12667,1
12668,0
12669,0
12670,1
12671,1
12672,1
12673,1
12674,1
12675,1
12676,1
12677,1
12678,1
12679,1
12680,1
12681,0
12682,0
12683,0
12684,0
12685,0
12686,0
12687,0
12688,0
12689,0
12690,0
12691,0
12692,0
12693,0
12694,0
12695,0
12696,0
12697,0
12698,0
12699,0
12700,0
12701,0
12702,0
12703,0
12704,0
12705,1
12706,1
12707,1
12708,1
12709,0
12710,1
12711,0
12712,0
12713,0
12714,1
12715,1
12716,1
12717,0
12718,0
12719,0
12720,0
12721,0
12722,0
12723,0
12724,0
12725,0
12726,0
12727,0
12728,0
12729,1
12730,1
12731,0
12732,0
12733,0
12734,0
12735,0
12736,0
12737,0
12738,0
12739,0
12740,0
12741,0
12742,0
12743,0
12744,0
12745,0
12746,0
12747,0
12748,0
12749,0
12750,0
12751,0
12752,0
12753,0
12754,1
12755,1
12756,1
12757,0
12758,0
12759,0
12760,0
12761,0
12762,0
12763,0
12764,1
12765,1
12766,1
12767,1
12768,1
12769,1
12770,1
12771,1
12772,1
12773,1
12774,1
12775,1
12776,1
12777,1
12778,1
12779,1
12780,1
12781,1
12782,0
12783,0
12784,0
12785,0
12786,0
12787,0
12788,0
12789,0
12790,0
12791,0
12792,0
12793,0
12794,0
12795,0
12796,0
12797,0
12798,0
12799,0
12800,0
12801,0
12802,0
12803,0
12804,1
12805,1
12806,0
12807,0
12808,0
12809,0
12810,0
12811,0
12812,0
12813,1
12814,1
12815,1
12816,1
12817,1
12818,1
12819,1
12820,1
12821,0
12822,0
12823,1
12824,1
12825,0
12826,0
12827,0
12828,0
12829,0
12830,0
12831,1
12832,0
12833,0
12834,0
12835,1
12836,1
12837,1
12838,1
12839,1
12840,1
12841,1
12842,1
12843,1
12844,1
12845,0
12846,0
12847,0
12848,0
12849,0
12850,0
12851,0
12852,0
12853,0
12854,0
12855,0
12856,0
12857,0
12858,0
12859,0
12860,0
12861,0
12862,0
12863,0
12864,0
12865,0
12866,0
12867,0
12868,0
12869,1
12870,1
12871,1
12872,1
12873,0
12874,0
12875,1
12876,0
12877,0
12878,0
12879,0
12880,1
12881,0
12882,0
12883,0
12884,0
12885,0
12886,0
12887,0
12888,0
12889,0
12890,0
12891,0
12892,0
12893,0
12894,1
12895,1
12896,0
12897,0
12898,0
12899,0
12900,0
12901,0
12902,0
12903,0
12904,0
12905,0
12906,0
12907,0
12908,0
12909,0
12910,0
12911,0
12912,0
12913,0
12914,0
12915,0
12916,0
12917,0
12918,0
12919,1
12920,1
12921,1
12922,0
12923,0
12924,1
12925,0
12926,0
12927,0
12928,0
12929,1
12930,1
12931,1
12932,1
12933,1
12934,1
12935,1
12936,1
12937,1
12938,1
12939,1
12940,1
12941,1
12942,1
12943,1
12944,1
12945,1
12946,1
12947,0
12948,0
12949,0
12950,0
12951,0
12952,0
12953,0
12954,0
12955,0
12956,0
12957,0
12958,0
12959,0
12960,0
12961,0
12962,0
12963,0
12964,0
12965,0
12966,0
12967,0
12968,0
12969,0
12970,0
12971,1
12972,1
12973,0
12974,0
12975,0
12976,0
12977,0
12978,0
12979,0
12980,1
12981,1
12982,1
12983,1
12984,1
12985,1
12986,1
12987,0
12988,0
12989,1
12990,1
12991,1
12992,0
12993,0
12994,0
12995,0
12996,0
12997,0
12998,1
12999,0
13000,0
13001,1
13002,1
13003,1
13004,1
13005,1
13006,1
13007,1
13008,1
13009,1
13010,1
13011,1
13012,0
13013,0
13014,0
13015,0
13016,0
13017,0
13018,0
13019,0
13020,0
13021,0
13022,0
13023,0
13024,0
13025,0
13026,0
13027,0
13028,0
13029,0
13030,0
13031,0
13032,0
13033,0
13034,0
13035,0
13036,1
13037,1
13038,0
13039,0
13040,0
13041,0
13042,0
13043,0
13044,0
13045,0
13046,0
13047,0
13048,0
13049,0
13050,0
13051,0
13052,0
13053,0
13054,0
13055,0
13056,0
13057,0
13058,0
13059,0
13060,0
13061,1
13062,1
13063,0
13064,0
13065,0
13066,0
13067,0
13068,0
13069,0
13070,0
13071,0
13072,0
13073,0
13074,0
13075,0
13076,0
13077,0
13078,0
13079,0
13080,0
13081,0
13082,0
13083,0
13084,0
13085,1
13086,1
13087,1
13088,0
13089,0
13090,0
13091,0
13092,0
13093,0
13094,0
13095,0
13096,1
13097,1
13098,1
13099,1
13100,1
13101,1
13102,1
13103,1
13104,1
13105,1
13106,1
13107,1
13108,1
13109,1
13110,1
13111,1
13112,1
13113,1
13114,0
13115,0
13116,0
13117,0
13118,0
13119,0
13120,0
13121,0
13122,0
13123,0
13124,0
13125,0
13126,0
13127,1
13128,0
13129,0
13130,0
13131,0
13132,0
13133,0
13134,0
13135,0
13136,0
13137,0
13138,1
13139,1
13140,0
13141,0
13142,0
13143,0
13144,0
13145,0
13146,0
13147,0
13148,1
13149,1
13150,1
13151,1
13152,1
13153,1
13154,1
13155,0
13156,1
13157,1
13158,1
13159,0
13160,0
13161,0
13162,0
13163,0
13164,0
13165,1
13166,0
13167,0
13168,1
13169,1
13170,1
13171,1
13172,1
13173,1
13174,1
13175,1
13176,1
13177,1
13178,1
13179,0
13180,0
13181,0
13182,0
13183,0
13184,0
13185,0
13186,0
13187,0
13188,0
13189,0
13190,0
13191,0
13192,0
13193,0
13194,0
13195,0
13196,0
13197,0
13198,0
13199,0
13200,0
13201,0
13202,0
13203,1
13204,1
13205,0
13206,0
13207,0
13208,0
13209,0
13210,0
13211,0
13212,0
13213,0
13214,0
13215,0
13216,0
13217,0
13218,0
13219,0
13220,0
13221,0
13222,0
13223,0
13224,0
13225,0
13226,0
13227,0
13228,0
13229,1
13230,1
13231,0
13232,0
13233,0
13234,0
13235,0
13236,0
13237,0
13238,0
13239,0
13240,0
13241,0
13242,0
13243,0
13244,0
13245,0
13246,0
13247,0
13248,0
13249,0
13250,0
13251,0
13252,1
13253,1
13254,1
13255,1
13256,0
13257,0
13258,0
13259,0
13260,0
13261,0
13262,0
13263,0
13264,1
13265,1
13266,1
13267,1
13268,1
13269,1
13270,1
13271,1
13272,1
13273,1
13274,1
13275,1
13276,1
13277,1
13278,1
13279,1
13280,1
13281,1
13282,1
13283,0
13284,0
13285,0
13286,0
13287,0
13288,0
13289,0
13290,0
13291,0
13292,0
13293,0
13294,1
13295,0
13296,0
13297,0
13298,0
13299,0
13300,0
13301,0
13302,0
13303,0
13304,0
13305,0
13306,1
13307,1
13308,0
13309,0
13310,0
13311,0
13312,0
13313,0
13314,0
13315,0
13316,1
13317,1
13318,1
13319,1
13320,1
13321,1
13322,1
13323,1
13324,1
13325,1
13326,1
13327,0
13328,0
13329,0
13330,0
13331,0
13332,0
13333,1
13334,0
13335,0
13336,1
13337,1
13338,1
13339,1
13340,1
13341,1
13342,1
13343,1
13344,1
13345,1
13346,1
13347,0
13348,0
13349,0
13350,0
13351,0
13352,0
13353,0
13354,0
13355,0
13356,0
13357,0
13358,0
13359,0
13360,0
13361,0
13362,0
13363,0
13364,0
13365,0
13366,0
13367,0
13368,0
13369,0
13370,0
13371,1
13372,0
13373,0
13374,0
13375,0
13376,0
13377,0
13378,0
13379,0
13380,0
13381,0
13382,0
13383,0
13384,0
13385,0
13386,0
13387,0
13388,0
13389,0
13390,0
13391,0
13392,0
13393,0
13394,0
13395,0
13396,0
13397,1
13398,1
13399,0
13400,0
13401,0
13402,0
13403,0
13404,0
13405,0
13406,0
13407,0
13408,0
13409,0
13410,0
13411,0
13412,0
13413,0
13414,0
13415,0
13416,0
13417,0
13418,0
13419,0
13420,1
13421,1
13422,1
13423,0
13424,0
13425,0
13426,0
13427,0
13428,0
13429,0
13430,0
13431,0
13432,1
13433,1
13434,1
13435,1
13436,1
13437,1
13438,1
13439,1
13440,1
13441,1
13442,1
13443,1
13444,1
13445,1
13446,1
13447,1
13448,1
13449,1
13450,1
13451,0
13452,0
13453,0
13454,0
13455,0
13456,0
13457,0
13458,0
13459,0
13460,0
13461,0
13462,1
13463,1
13464,0
13465,0
13466,0
13467,0
13468,0
13469,0
13470,0
13471,0
13472,0
13473,0
13474,1
13475,1
13476,0
13477,0
13478,0
13479,0
13480,0
13481,0
13482,0
13483,0
13484,0
13485,1
13486,1
13487,1
13488,1
13489,1
13490,1
13491,1
13492,1
13493,0
13494,1
13495,0
13496,0
13497,0
13498,0
13499,0
13500,0
13501,1
13502,0
13503,0
13504,1
13505,1
13506,1
13507,1
13508,1
13509,1
13510,1
13511,1
13512,1
13513,1
13514,1
13515,0
13516,0
13517,0
13518,0
13519,0
13520,0
13521,0
13522,0
13523,0
13524,0
13525,0
13526,0
13527,0
13528,0
13529,0
13530,0
13531,0
13532,0
13533,0
13534,0
13535,0
13536,0
13537,0
13538,0
13539,0
13540,0
13541,0
13542,0
13543,0
13544,0
13545,0
13546,0
13547,0
13548,0
13549,0
13550,0
13551,0
13552,0
13553,0
13554,0
13555,0
13556,0
13557,0
13558,0
13559,0
13560,0
13561,0
13562,0
13563,0
13564,0
13565,0
13566,1
13567,1
13568,0
13569,0
13570,0
13571,0
13572,0
13573,0
13574,0
13575,0
13576,0
13577,0
13578,0
13579,0
13580,0
13581,0
13582,0
13583,0
13584,0
13585,0
13586,0
13587,0
13588,1
13589,1
13590,1
13591,1
13592,0
13593,0
13594,0
13595,1
13596,0
13597,0
13598,0
13599,0
13600,1
13601,1
13602,1
13603,1
13604,1
13605,1
13606,1
13607,1
13608,1
13609,1
13610,1
13611,1
13612,0
13613,1
13614,1
13615,1
13616,1
13617,1
13618,1
13619,1
13620,0
13621,0
13622,0
13623,0
13624,0
13625,0
13626,0
13627,0
13628,0
13629,0
13630,1
13631,1
13632,0
13633,0
13634,0
13635,0
13636,0
13637,0
13638,0
13639,0
13640,0
13641,0
13642,1
13643,1
13644,1
13645,0
13646,0
13647,0
13648,0
13649,0
13650,0
13651,0
13652,0
13653,1
13654,1
13655,1
13656,1
13657,1
13658,1
13659,1
13660,1
13661,0
13662,0
13663,0
13664,0
13665,0
13666,0
13667,0
13668,0
13669,0
13670,1
13671,0
13672,0
13673,1
13674,1
13675,1
13676,1
13677,1
13678,1
13679,1
13680,1
13681,1
13682,1
13683,1
13684,0
13685,0
13686,0
13687,0
13688,0
13689,0
13690,0
13691,0
13692,0
13693,0
13694,0
13695,0
13696,0
13697,0
13698,0
13699,0
13700,0
13701,0
13702,0
13703,0
13704,0
13705,0
13706,0
13707,0
13708,0
13709,0
13710,0
13711,0
13712,0
13713,0
13714,0
13715,0
13716,0
13717,0
13718,0
13719,0
13720,0
13721,0
13722,0
13723,0
13724,0
13725,0
13726,0
13727,0
13728,0
13729,0
13730,0
13731,0
13732,0
13733,0
13734,0
13735,1
13736,1
13737,0
13738,0
13739,0
13740,0
13741,0
13742,0
13743,0
13744,0
13745,0
13746,0
13747,0
13748,0
13749,0
13750,0
13751,0
13752,0
13753,0
13754,0
13755,0
13756,1
13757,1
13758,1
13759,1
13760,0
13761,0
13762,0
13763,0
13764,0
13765,0
13766,0
13767,0
13768,0
13769,1
13770,1
13771,1
13772,1
13773,1
13774,1
13775,1
13776,0
13777,0
13778,1
13779,1
13780,0
13781,0
13782,0
13783,1
13784,1
13785,1
13786,1
13787,1
13788,0
13789,0
13790,0
13791,0
13792,0
13793,0
13794,0
13795,0
13796,0
13797,0
13798,1
13799,1
13800,0
13801,0
13802,0
13803,0
13804,0
13805,0
13806,0
13807,0
13808,0
13809,0
13810,0
13811,1
13812,1
13813,0
13814,0
13815,0
13816,0
13817,0
13818,0
13819,0
13820,0
13821,0
13822,1
13823,1
13824,1
13825,1
13826,1
13827,1
13828,1
13829,0
13830,0
13831,0
13832,0
13833,0
13834,1
13835,0
13836,0
13837,0
13838,0
13839,1
13840,0
13841,1
13842,1
13843,1
13844,1
13845,1
13846,1
13847,1
13848,1
13849,1
13850,1
13851,1
13852,0
13853,0
13854,0
13855,0
13856,0
13857,0
13858,0
13859,0
13860,0
13861,0
13862,0
13863,0
13864,0
13865,0
13866,0
13867,0
13868,1
13869,0
13870,0
13871,0
13872,0
13873,0
13874,0
13875,0
13876,0
13877,0
13878,0
13879,0
13880,0
13881,0
13882,0
13883,0
13884,0
13885,0
13886,0
13887,0
13888,0
13889,0
13890,0
13891,0
13892,1
13893,0
13894,1
13895,1
13896,0
13897,0
13898,0
13899,0
13900,0
13901,0
13902,0
13903,0
13904,1
13905,1
13906,0
13907,0
13908,0
13909,0
13910,0
13911,0
13912,0
13913,0
13914,0
13915,0
13916,0
13917,0
13918,0
13919,0
13920,0
13921,0
13922,0
13923,0
13924,1
13925,1
13926,1
13927,1
13928,1
13929,0
13930,0
13931,0
13932,0
13933,0
13934,0
13935,0
13936,0
13937,0
13938,1
13939,1
13940,1
13941,1
13942,1
13943,1
13944,0
13945,0
13946,0
13947,0
13948,0
13949,0
13950,0
13951,0
13952,1
13953,1
13954,1
13955,1
13956,1
13957,0
13958,0
13959,0
13960,0
13961,0
13962,0
13963,0
13964,0
13965,0
13966,1
13967,1
13968,1
13969,0
13970,0
13971,0
13972,0
13973,0
13974,0
13975,0
13976,0
13977,0
13978,0
13979,1
13980,1
13981,1
13982,0
13983,0
13984,0
13985,0
13986,0
13987,0
13988,0
13989,0
13990,1
13991,1
13992,1
13993,1
13994,1
13995,1
13996,1
13997,1
13998,0
13999,0
14000,0
14001,0
14002,0
14003,1
14004,0
14005,0
14006,0
14007,0
14008,0
14009,0
14010,1
14011,1
14012,1
14013,1
14014,1
14015,1
14016,1
14017,1
14018,1
14019,1
14020,1
14021,0
14022,0
14023,0
14024,1
14025,0
14026,0
14027,0
14028,0
14029,0
14030,0
14031,0
14032,0
14033,0
14034,0
14035,0
14036,0
14037,1
14038,0
14039,0
14040,0
14041,0
14042,0
14043,0
14044,0
14045,0
14046,0
14047,0
14048,0
14049,0
14050,0
14051,0
14052,0
14053,0
14054,0
14055,0
14056,0
14057,0
14058,0
14059,0
14060,1
14061,1
14062,1
14063,1
14064,1
14065,0
14066,0
14067,0
14068,0
14069,0
14070,0
14071,0
14072,0
14073,1
14074,1
14075,0
14076,0
14077,0
14078,0
14079,0
14080,0
14081,0
14082,0
14083,0
14084,0
14085,0
14086,0
14087,0
14088,0
14089,0
14090,0
14091,0
14092,0
14093,1
14094,1
14095,1
14096,1
14097,0
14098,0
14099,0
14100,0
14101,0
14102,0
14103,1
14104,0
14105,0
14106,1
14107,1
14108,1
14109,1
14110,1
14111,1
14112,0
14113,0
14114,0
14115,0
14116,0
14117,0
14118,0
14119,0
14120,0
14121,1
14122,1
14123,1
14124,1
14125,1
14126,0
14127,0
14128,0
14129,0
14130,0
14131,0
14132,0
14133,0
14134,1
14135,1
14136,1
14137,1
14138,0
14139,0
14140,0
14141,0
14142,0
14143,0
14144,0
14145,0
14146,0
14147,0
14148,0
14149,1
14150,1
14151,0
14152,0
14153,0
14154,0
14155,0
14156,0
14157,0
14158,0
14159,0
14160,1
14161,1
14162,1
14163,1
14164,1
14165,1
14166,1
14167,0
14168,0
14169,0
14170,0
14171,0
14172,1
14173,1
14174,0
14175,0
14176,0
14177,0
14178,0
14179,1
14180,1
14181,0
14182,1
14183,1
14184,1
14185,1
14186,1
14187,1
14188,1
14189,1
14190,1
14191,0
14192,0
14193,1
14194,1
14195,0
14196,0
14197,0
14198,0
14199,0
14200,0
14201,0
14202,0
14203,0
14204,0
14205,0
14206,1
14207,0
14208,0
14209,0
14210,0
14211,0
14212,0
14213,0
14214,0
14215,0
14216,0
14217,0
14218,0
14219,0
14220,0
14221,0
14222,0
14223,0
14224,0
14225,0
14226,0
14227,0
14228,0
14229,0
14230,1
14231,1
14232,1
14233,1
14234,1
14235,0
14236,0
14237,1
14238,0
14239,0
14240,0
14241,0
14242,0
14243,1
14244,0
14245,0
14246,0
14247,0
14248,0
14249,0
14250,0
14251,0
14252,0
14253,0
14254,0
14255,0
14256,0
14257,0
14258,0
14259,0
14260,1
14261,0
14262,1
14263,1
14264,1
14265,1
14266,1
14267,0
14268,0
14269,0
14270,0
14271,0
14272,1
14273,0
14274,0
14275,0
14276,1
14277,1
14278,1
14279,1
14280,1
14281,0
14282,0
14283,0
14284,0
14285,0
14286,0
14287,0
14288,0
14289,0
14290,0
14291,1
14292,1
14293,1
14294,1
14295,1
14296,0
14297,0
14298,0
14299,0
14300,0
14301,0
14302,0
14303,1
14304,1
14305,1
14306,1
14307,1
14308,0
14309,0
14310,0
14311,0
14312,0
14313,0
14314,0
14315,0
14316,0
14317,0
14318,1
14319,1
14320,1
14321,0
14322,0
14323,0
14324,0
14325,0
14326,0
14327,0
14328,0
14329,1
14330,1
14331,1
14332,1
14333,1
14334,1
14335,1
14336,1
14337,0
14338,0
14339,0
14340,0
14341,1
14342,1
14343,1
14344,0
14345,0
14346,0
14347,0
14348,0
14349,1
14350,0
14351,0
14352,1
14353,1
14354,1
14355,1
14356,1
14357,1
14358,1
14359,1
14360,1
14361,0
14362,1
14363,1
14364,0
14365,0
14366,0
14367,0
14368,0
14369,0
14370,0
14371,0
14372,0
14373,0
14374,0
14375,0
14376,1
14377,0
14378,0
14379,0
14380,0
14381,0
14382,0
14383,0
14384,0
14385,0
14386,1
14387,0
14388,0
14389,0
14390,0
14391,0
14392,0
14393,0
14394,0
14395,0
14396,0
14397,0
14398,0
14399,1
14400,1
14401,1
14402,1
14403,1
14404,1
14405,0
14406,0
14407,0
14408,0
14409,0
14410,0
14411,0
14412,1
14413,0
14414,0
14415,0
14416,0
14417,0
14418,0
14419,0
14420,1
14421,0
14422,0
14423,0
14424,0
14425,0
14426,0
14427,0
14428,0
14429,0
14430,0
14431,0
14432,1
14433,1
14434,1
14435,1
14436,1
14437,0
14438,0
14439,0
14440,0
14441,1
14442,0
14443,0
14444,0
14445,1
14446,1
14447,1
14448,1
14449,1
14450,0
14451,0
14452,0
14453,0
14454,0
14455,0
14456,0
14457,0
14458,0
14459,0
14460,0
14461,1
14462,1
14463,1
14464,1
14465,1
14466,0
14467,0
14468,0
14469,0
14470,0
14471,0
14472,0
14473,0
14474,1
14475,1
14476,1
14477,1
14478,1
14479,0
14480,0
14481,0
14482,0
14483,0
14484,0
14485,0
14486,0
14487,0
14488,0
14489,0
14490,1
14491,1
14492,1
14493,0
14494,0
14495,0
14496,0
14497,0
14498,0
14499,0
14500,1
14501,1
14502,1
14503,1
14504,1
14505,1
14506,1
14507,1
14508,0
14509,0
14510,0
14511,0
14512,0
14513,1
14514,1
14515,0
14516,0
14517,0
14518,0
14519,0
14520,1
14521,0
14522,0
14523,0
14524,1
14525,1
14526,1
14527,1
14528,1
14529,1
14530,1
14531,1
14532,1
14533,1
14534,1
14535,1
14536,0
14537,1
14538,0
14539,0
14540,0
14541,0
14542,0
14543,0
14544,0
14545,0
14546,0
14547,1
14548,0
14549,0
14550,0
14551,0
14552,0
14553,0
14554,0
14555,0
14556,0
14557,0
14558,0
14559,0
14560,0
14561,0
14562,0
14563,0
14564,0
14565,0
14566,0
14567,0
14568,0
14569,0
14570,1
14571,1
14572,1
14573,1
14574,1
14575,1
14576,0
14577,0
14578,0
14579,0
14580,0
14581,0
14582,0
14583,0
14584,1
14585,0
14586,0
14587,1
14588,0
14589,0
14590,0
14591,0
14592,0
14593,0
14594,0
14595,1
14596,0
14597,0
14598,0
14599,0
14600,0
14601,0
14602,0
14603,0
14604,1
14605,1
14606,1
14607,1
14608,1
14609,0
14610,0
14611,0
14612,0
14613,0
14614,0
14615,0
14616,0
14617,1
14618,1
14619,1
14620,1
14621,0
14622,0
14623,0
14624,0
14625,0
14626,0
14627,0
14628,0
14629,0
14630,0
14631,0
14632,0
14633,1
14634,1
14635,1
14636,1
14637,1
14638,0
14639,0
14640,0
14641,0
14642,0
14643,0
14644,0
14645,1
14646,1
14647,1
14648,1
14649,1
14650,0
14651,0
14652,0
14653,0
14654,0
14655,0
14656,0
14657,0
14658,0
14659,0
14660,0
14661,1
14662,1
14663,1
14664,1
14665,1
14666,0
14667,0
14668,0
14669,0
14670,0
14671,1
14672,1
14673,1
14674,1
14675,1
14676,1
14677,1
14678,1
14679,1
14680,0
14681,0
14682,0
14683,0
14684,0
14685,0
14686,1
14687,0
14688,0
14689,0
14690,0
14691,0
14692,0
14693,0
14694,0
14695,1
14696,1
14697,1
14698,1
14699,1
14700,1
14701,1
14702,1
14703,1
14704,1
14705,1
14706,1
14707,1
14708,0
14709,0
14710,0
14711,0
14712,0
14713,0
14714,0
14715,0
14716,0
14717,0
14718,1
14719,1
14720,0
14721,0
14722,0
14723,0
14724,0
14725,0
14726,0
14727,0
14728,0
14729,0
14730,0
14731,0
14732,0
14733,0
14734,0
14735,0
14736,0
14737,0
14738,0
14739,0
14740,0
14741,0
14742,1
14743,1
14744,1
14745,1
14746,1
14747,0
14748,0
14749,0
14750,0
14751,0
14752,0
14753,0
14754,0
14755,0
14756,0
14757,0
14758,0
14759,0
14760,1
14761,0
14762,0
14763,0
14764,0
14765,0
14766,1
14767,0
14768,0
14769,0
14770,0
14771,0
14772,0
14773,0
14774,0
14775,1
14776,1
14777,1
14778,1
14779,1
14780,1
14781,0
14782,0
14783,0
14784,0
14785,1
14786,0
14787,0
14788,1
14789,1
14790,1
14791,1
14792,0
14793,0
14794,0
14795,0
14796,0
14797,0
14798,0
14799,0
14800,0
14801,0
14802,0
14803,0
14804,0
14805,1
14806,1
14807,1
14808,1
14809,1
14810,0
14811,0
14812,0
14813,0
14814,0
14815,0
14816,0
14817,0
14818,1
14819,0
14820,1
14821,1
14822,0
14823,0
14824,0
14825,0
14826,0
14827,0
14828,0
14829,0
14830,0
14831,0
14832,1
14833,1
14834,1
14835,1
14836,1
14837,1
14838,1
14839,0
14840,0
14841,0
14842,1
14843,1
14844,1
14845,1
14846,1
14847,1
14848,1
14849,1
14850,1
14851,1
14852,1
14853,0
14854,0
14855,0
14856,0
14857,0
14858,0
14859,0
14860,0
14861,0
14862,0
14863,0
14864,0
14865,0
14866,0
14867,0
14868,1
14869,1
14870,1
14871,1
14872,1
14873,1
14874,1
14875,1
14876,1
14877,1
14878,1
14879,1
14880,0
14881,0
14882,0
14883,0
14884,0
14885,0
14886,0
14887,0
14888,0
14889,0
14890,0
14891,1
14892,0
14893,0
14894,0
14895,0
14896,0
14897,0
14898,0
14899,0
14900,0
14901,0
14902,0
14903,0
14904,0
14905,0
14906,0
14907,0
14908,0
14909,0
14910,0
14911,0
14912,0
14913,0
14914,1
14915,1
14916,1
14917,1
14918,1
14919,0
14920,0
14921,0
14922,0
14923,0
14924,0
14925,0
14926,0
14927,0
14928,0
14929,0
14930,0
14931,0
14932,0
14933,0
14934,0
14935,0
14936,0
14937,0
14938,0
14939,1
14940,0
14941,0
14942,0
14943,0
14944,1
14945,0
14946,0
14947,0
14948,1
14949,1
14950,1
14951,0
14952,1
14953,0
14954,0
14955,0
14956,0
14957,1
14958,0
14959,0
14960,0
14961,1
14962,1
14963,1
14964,0
14965,0
14966,0
14967,0
14968,0
14969,0
14970,0
14971,0
14972,0
14973,0
14974,0
14975,0
14976,0
14977,0
14978,1
14979,1
14980,1
14981,1
14982,1
14983,0
14984,0
14985,0
14986,0
14987,0
14988,0
14989,0
14990,0
14991,0
14992,0
14993,0
14994,0
14995,0
14996,0
14997,0
14998,0
14999,0
15000,0
15001,0
15002,0
15003,0
15004,0
15005,1
15006,1
15007,1
15008,1
15009,1
15010,1
15011,1
15012,1
15013,0
15014,1
15015,1
15016,1
15017,1
15018,1
15019,1
15020,1
15021,1
15022,1
15023,1
15024,1
15025,1
15026,0
15027,0
15028,0
15029,0
15030,0
15031,0
15032,0
15033,0
15034,0
15035,0
15036,0
15037,0
15038,0
15039,0
15040,1
15041,1
15042,1
15043,1
15044,1
15045,1
15046,1
15047,1
15048,1
15049,1
15050,1
15051,1
15052,0
15053,0
15054,0
15055,0
15056,0
15057,0
15058,0
15059,0
15060,0
15061,0
15062,0
15063,1
15064,1
15065,0
15066,0
15067,0
15068,0
15069,0
15070,0
15071,0
15072,0
15073,0
15074,0
15075,0
15076,0
15077,0
15078,0
15079,0
15080,0
15081,0
15082,0
15083,0
15084,0
15085,0
15086,1
15087,1
15088,1
15089,1
15090,1
15091,0
15092,0
15093,0
15094,0
15095,0
15096,0
15097,0
15098,0
15099,0
15100,0
15101,0
15102,0
15103,0
15104,0
15105,0
15106,0
15107,0
15108,0
15109,0
15110,0
15111,1
15112,1
15113,0
15114,0
15115,0
15116,1
15117,1
15118,0
15119,0
15120,0
15121,1
15122,1
15123,0
15124,0
15125,0
15126,0
15127,0
15128,0
15129,0
15130,0
15131,0
15132,0
15133,0
15134,1
15135,1
15136,0
15137,0
15138,0
15139,0
15140,0
15141,0
15142,0
15143,0
15144,0
15145,0
15146,0
15147,0
15148,0
15149,0
15150,0
15151,1
15152,1
15153,1
15154,1
15155,1
15156,0
15157,0
15158,0
15159,0
15160,0
15161,0
15162,0
15163,0
15164,0
15165,0
15166,0
15167,0
15168,0
15169,0
15170,0
15171,0
15172,0
15173,0
15174,0
15175,0
15176,0
15177,0
15178,1
15179,1
15180,1
15181,1
15182,1
15183,1
15184,1
15185,1
15186,1
15187,1
15188,1
15189,1
15190,1
15191,1
15192,1
15193,1
15194,1
15195,1
15196,1
15197,1
15198,1
15199,1
15200,0
15201,0
15202,0
15203,0
15204,0
15205,0
15206,0
15207,0
15208,0
15209,0
15210,0
15211,0
15212,0
15213,0
15214,1
15215,1
15216,0
15217,0
15218,1
15219,1
15220,1
15221,1
15222,1
15223,1
15224,1
15225,0
15226,0
15227,0
15228,0
15229,0
15230,0
15231,0
15232,0
15233,0
15234,0
15235,0
15236,0
15237,1
15238,1
15239,0
15240,0
15241,0
15242,0
15243,0
15244,0
15245,0
15246,0
15247,0
15248,0
15249,0
15250,0
15251,0
15252,0
15253,0
15254,0
15255,0
15256,0
15257,0
15258,0
15259,1
15260,1
15261,1
15262,1
15263,1
15264,1
15265,0
15266,0
15267,0
15268,0
15269,0
15270,0
15271,0
15272,0
15273,0
15274,0
15275,0
15276,0
15277,0
15278,0
15279,0
15280,1
15281,0
15282,0
15283,0
15284,1
15285,1
15286,1
15287,0
15288,0
15289,1
15290,1
15291,0
15292,0
15293,0
15294,0
15295,1
15296,0
15297,0
15298,0
15299,0
15300,0
15301,0
15302,0
15303,0
15304,0
15305,0
15306,0
15307,1
15308,1
15309,0
15310,0
15311,0
15312,0
15313,0
15314,0
15315,0
15316,0
15317,0
15318,0
15319,0
15320,0
15321,0
15322,0
15323,0
15324,0
15325,1
15326,1
15327,1
15328,1
15329,1
15330,0
15331,0
15332,0
15333,0
15334,0
15335,0
15336,0
15337,0
15338,0
15339,0
15340,0
15341,0
15342,0
15343,0
15344,0
15345,0
15346,0
15347,0
15348,0
15349,0
15350,0
15351,1
15352,1
15353,1
15354,1
15355,1
15356,1
15357,1
15358,1
15359,1
15360,1
15361,1
15362,1
15363,1
15364,1
15365,1
15366,1
15367,1
15368,1
15369,1
15370,1
15371,1
15372,1
15373,1
15374,0
15375,0
15376,0
15377,0
15378,0
15379,0
15380,0
15381,0
15382,0
15383,0
15384,0
15385,0
15386,0
15387,1
15388,1
15389,0
15390,0
15391,0
15392,1
15393,1
15394,1
15395,1
15396,1
15397,1
15398,1
15399,0
15400,0
15401,0
15402,0
15403,0
15404,0
15405,0
15406,0
15407,0
15408,0
15409,0
15410,1
15411,1
15412,1
15413,0
15414,0
15415,0
15416,0
15417,0
15418,0
15419,0
15420,0
15421,0
15422,0
15423,0
15424,0
15425,0
15426,0
15427,0
15428,0
15429,0
15430,0
15431,0
15432,1
15433,1
15434,1
15435,1
15436,1
15437,1
15438,0
15439,0
15440,0
15441,0
15442,0
15443,0
15444,0
15445,0
15446,0
15447,0
15448,0
15449,0
15450,0
15451,0
15452,0
15453,0
15454,0
15455,0
15456,0
15457,1
15458,1
15459,1
15460,1
15461,0
15462,1
15463,1
15464,1
15465,0
15466,0
15467,0
15468,0
15469,0
15470,0
15471,0
15472,0
15473,0
15474,0
15475,0
15476,0
15477,0
15478,0
15479,0
15480,0
15481,1
15482,0
15483,0
15484,0
15485,0
15486,0
15487,0
15488,0
15489,0
15490,0
15491,0
15492,0
15493,0
15494,0
15495,0
15496,0
15497,0
15498,1
15499,1
15500,1
15501,1
15502,1
15503,1
15504,0
15505,0
15506,0
15507,0
15508,0
15509,0
15510,0
15511,0
15512,0
15513,0
15514,0
15515,0
15516,0
15517,0
15518,0
15519,0
15520,0
15521,0
15522,0
15523,0
15524,0
15525,0
15526,1
15527,1
15528,1
15529,0
15530,0
15531,1
15532,1
15533,1
15534,1
15535,1
15536,1
15537,1
15538,1
15539,1
15540,1
15541,1
15542,1
15543,1
15544,1
15545,1
15546,1
15547,1
15548,1
15549,1
15550,0
15551,0
15552,1
15553,0
15554,0
15555,0
15556,0
15557,0
15558,0
15559,0
15560,0
15561,0
15562,1
15563,0
15564,0
15565,0
15566,0
15567,1
15568,1
15569,1
15570,1
15571,1
15572,1
15573,0
15574,0
15575,0
15576,0
15577,0
15578,0
15579,0
15580,0
15581,0
15582,0
15583,0
15584,0
15585,1
15586,1
15587,1
15588,0
15589,0
15590,0
15591,0
15592,0
15593,0
15594,0
15595,0
15596,0
15597,0
15598,0
15599,0
15600,0
15601,0
15602,0
15603,0
15604,0
15605,0
15606,1
15607,1
15608,1
15609,1
15610,1
15611,1
15612,0
15613,0
15614,1
15615,0
15616,0
15617,0
15618,0
15619,0
15620,0
15621,0
15622,0
15623,0
15624,0
15625,0
15626,0
15627,0
15628,0
15629,0
15630,0
15631,1
15632,1
15633,1
15634,1
15635,1
15636,1
15637,1
15638,1
15639,1
15640,0
15641,0
15642,0
15643,0
15644,0
15645,0
15646,0
15647,0
15648,0
15649,0
15650,0
15651,0
15652,0
15653,0
15654,0
15655,1
15656,0
15657,0
15658,0
15659,0
15660,0
15661,0
15662,0
15663,0
15664,0
15665,0
15666,0
15667,0
15668,0
15669,0
15670,0
15671,0
15672,0
15673,1
15674,1
15675,1
15676,1
15677,1
15678,1
15679,0
15680,0
15681,0
15682,0
15683,0
15684,0
15685,0
15686,0
15687,0
15688,0
15689,0
15690,0
15691,0
15692,0
15693,0
15694,0
15695,0
15696,0
15697,0
15698,0
15699,0
15700,1
15701,1
15702,0
15703,0
15704,0
15705,0
15706,1
15707,1
15708,1
15709,1
15710,0
15711,1
15712,1
15713,1
15714,1
15715,1
15716,1
15717,1
15718,1
15719,1
15720,1
15721,1
15722,1
15723,1
15724,1
15725,0
15726,1
15727,0
15728,0
15729,0
15730,0
15731,0
15732,0
15733,1
15734,0
15735,0
15736,1
15737,0
15738,0
15739,0
15740,0
15741,1
15742,1
15743,1
15744,1
15745,1
15746,1
15747,1
15748,0
15749,0
15750,0
15751,0
15752,0
15753,0
15754,0
15755,0
15756,0
15757,0
15758,0
15759,1
15760,1
15761,1
15762,1
15763,0
15764,0
15765,0
15766,0
15767,0
15768,0
15769,0
15770,0
15771,0
15772,0
15773,0
15774,0
15775,0
15776,0
15777,0
15778,0
15779,0
15780,1
15781,1
15782,1
15783,1
15784,1
15785,1
15786,0
15787,0
15788,0
15789,1
15790,0
15791,0
15792,0
15793,0
15794,0
15795,0
15796,0
15797,0
15798,0
15799,0
15800,0
15801,0
15802,0
15803,0
15804,0
15805,1
15806,1
15807,1
15808,1
15809,1
15810,1
15811,1
15812,1
15813,1
15814,0
15815,0
15816,0
15817,0
15818,0
15819,0
15820,0
15821,0
15822,0
15823,0
15824,0
15825,0
15826,0
15827,0
15828,0
15829,0
15830,1
15831,0
15832,0
15833,0
15834,0
15835,0
15836,0
15837,0
15838,0
15839,0
15840,0
15841,0
15842,0
15843,0
15844,0
15845,0
15846,0
15847,1
15848,1
15849,1
15850,1
15851,1
15852,1
15853,1
15854,0
15855,0
15856,0
15857,0
15858,0
15859,0
15860,0
15861,0
15862,0
15863,0
15864,0
15865,0
15866,0
15867,0
15868,0
15869,0
15870,0
15871,0
15872,0
15873,0
15874,1
15875,1
15876,0
15877,0
15878,0
15879,0
15880,0
15881,0
15882,1
15883,1
15884,0
15885,0
15886,1
15887,1
15888,1
15889,1
15890,1
15891,1
15892,1
15893,1
15894,1
15895,1
15896,1
15897,1
15898,1
15899,1
15900,0
15901,1
15902,0
15903,0
15904,0
15905,0
15906,0
15907,0
15908,0
15909,0
15910,0
15911,0
15912,0
15913,0
15914,0
15915,0
15916,1
15917,1
15918,1
15919,1
15920,1
15921,1
15922,0
15923,0
15924,0
15925,0
15926,0
15927,0
15928,0
15929,0
15930,0
15931,0
15932,0
15933,0
15934,1
15935,1
15936,1
15937,1
15938,0
15939,0
15940,0
15941,0
15942,0
15943,0
15944,0
15945,0
15946,0
15947,0
15948,0
15949,0
15950,0
15951,0
15952,0
15953,0
15954,0
15955,1
15956,1
15957,1
15958,1
15959,1
15960,0
15961,0
15962,0
15963,0
15964,1
15965,0
15966,0
15967,0
15968,0
15969,0
15970,0
15971,0
15972,0
15973,0
15974,0
15975,0
15976,0
15977,0
15978,0
15979,1
15980,1
15981,1
15982,1
15983,1
15984,1
15985,1
15986,1
15987,1
15988,1
15989,0
15990,0
15991,0
15992,0
15993,0
15994,0
15995,0
15996,0
15997,0
15998,0
15999,0
16000,0
16001,0
16002,0
16003,0
16004,1
16005,0
16006,0
16007,0
16008,0
16009,0
16010,0
16011,0
16012,0
16013,0
16014,0
16015,0
16016,0
16017,0
16018,0
16019,0
16020,0
16021,0
16022,1
16023,1
16024,1
16025,1
16026,1
16027,1
16028,1
16029,0
16030,0
16031,0
16032,0
16033,0
16034,0
16035,0
16036,0
16037,0
16038,0
16039,0
16040,0
16041,0
16042,0
16043,0
16044,0
16045,0
16046,1
16047,0
16048,1
16049,1
16050,0
16051,0
16052,0
16053,0
16054,0
16055,0
16056,0
16057,0
16058,0
16059,0
16060,0
16061,1
16062,0
16063,1
16064,1
16065,1
16066,1
16067,1
16068,1
16069,1
16070,1
16071,1
16072,1
16073,1
16074,1
16075,0
16076,0
16077,0
16078,0
16079,0
16080,0
16081,0
16082,0
16083,0
16084,0
16085,0
16086,0
16087,0
16088,0
16089,0
16090,1
16091,0
16092,1
16093,1
16094,1
16095,1
16096,0
16097,0
16098,0
16099,0
16100,0
16101,0
16102,0
16103,0
16104,0
16105,0
16106,0
16107,0
16108,1
16109,1
16110,1
16111,1
16112,1
16113,1
16114,0
16115,0
16116,0
16117,0
16118,0
16119,0
16120,0
16121,1
16122,0
16123,0
16124,0
16125,0
16126,0
16127,0
16128,0
16129,0
16130,1
16131,1
16132,1
16133,1
16134,1
16135,0
16136,0
16137,0
16138,0
16139,0
16140,0
16141,0
16142,0
16143,0
16144,0
16145,0
16146,0
16147,0
16148,0
16149,0
16150,0
16151,0
16152,0
16153,1
16154,1
16155,1
16156,1
16157,1
16158,1
16159,1
16160,1
16161,1
16162,1
16163,0
16164,0
16165,0
16166,0
16167,0
16168,0
16169,0
16170,1
16171,0
16172,0
16173,0
16174,0
16175,0
16176,0
16177,0
16178,0
16179,1
16180,0
16181,0
16182,0
16183,0
16184,0
16185,0
16186,0
16187,0
16188,0
16189,0
16190,0
16191,0
16192,0
16193,0
16194,0
16195,0
16196,1
16197,1
16198,1
16199,1
16200,1
16201,1
16202,1
16203,1
16204,0
16205,0
16206,0
16207,0
16208,0
16209,0
16210,0
16211,0
16212,0
16213,0
16214,0
16215,0
16216,0
16217,0
16218,0
16219,1
16220,1
16221,1
16222,1
16223,1
16224,0
16225,0
16226,0
16227,0
16228,0
16229,0
16230,0
16231,0
16232,0
16233,0
16234,0
16235,0
16236,0
16237,0
16238,1
16239,1
16240,1
16241,1
16242,1
16243,1
16244,1
16245,1
16246,1
16247,1
16248,1
16249,1
16250,0
16251,0
16252,0
16253,0
16254,0
16255,0
16256,0
16257,0
16258,0
16259,0
16260,0
16261,0
16262,0
16263,1
16264,1
16265,0
16266,0
16267,1
16268,1
16269,1
16270,0
16271,0
16272,0
16273,0
16274,1
16275,0
16276,0
16277,0
16278,0
16279,0
16280,0
16281,0
16282,0
16283,1
16284,1
16285,1
16286,1
16287,1
16288,0
16289,0
16290,0
16291,0
16292,0
16293,0
16294,0
16295,0
16296,1
16297,0
16298,0
16299,0
16300,0
16301,0
16302,0
16303,0
16304,0
16305,1
16306,1
16307,1
16308,1
16309,0
16310,0
16311,0
16312,0
16313,0
16314,0
16315,0
16316,0
16317,0
16318,0
16319,0
16320,0
16321,0
16322,0
16323,0
16324,0
16325,0
16326,0
16327,0
16328,1
16329,1
16330,1
16331,1
16332,1
16333,1
16334,1
16335,1
16336,1
16337,1
16338,0
16339,0
16340,0
16341,0
16342,0
16343,0
16344,0
16345,0
16346,0
16347,0
16348,0
16349,0
16350,0
16351,0
16352,0
16353,1
16354,0
16355,0
16356,0
16357,0
16358,0
16359,0
16360,0
16361,0
16362,0
16363,0
16364,0
16365,0
16366,0
16367,0
16368,0
16369,0
16370,0
16371,1
16372,1
16373,1
16374,1
16375,1
16376,1
16377,1
16378,0
16379,0
16380,0
16381,0
16382,0
16383,0
16384,0
16385,0
16386,0
16387,0
16388,0
16389,0
16390,0
16391,1
16392,0
16393,0
16394,1
16395,1
16396,1
16397,1
16398,1
16399,0
16400,0
16401,0
16402,0
16403,0
16404,0
16405,0
16406,0
16407,0
16408,0
16409,0
16410,0
16411,0
16412,0
16413,0
16414,1
16415,1
16416,1
16417,1
16418,1
16419,1
16420,1
16421,1
16422,1
16423,1
16424,1
16425,0
16426,0
16427,0
16428,0
16429,0
16430,0
16431,0
16432,0
16433,0
16434,0
16435,0
16436,0
16437,0
16438,1
16439,0
16440,0
16441,0
16442,1
16443,1
16444,1
16445,0
16446,0
16447,0
16448,0
16449,0
16450,1
16451,0
16452,0
16453,0
16454,0
16455,0
16456,0
16457,0
16458,1
16459,1
16460,1
16461,1
16462,1
16463,1
16464,0
16465,0
16466,0
16467,0
16468,0
16469,0
16470,0
16471,0
16472,0
16473,0
16474,0
16475,0
16476,0
16477,0
16478,0
16479,0
16480,0
16481,1
16482,0
16483,0
16484,0
16485,0
16486,1
16487,0
16488,0
16489,0
16490,0
16491,0
16492,0
16493,0
16494,0
16495,0
16496,0
16497,0
16498,0
16499,0
16500,0
16501,0
16502,0
16503,1
16504,1
16505,1
16506,1
16507,1
16508,1
16509,1
16510,1
16511,1
16512,1
16513,1
16514,0
16515,1
16516,0
16517,0
16518,0
16519,0
16520,0
16521,0
16522,0
16523,0
16524,0
16525,0
16526,0
16527,0
16528,0
16529,1
16530,0
16531,0
16532,0
16533,0
16534,0
16535,0
16536,0
16537,0
16538,0
16539,0
16540,0
16541,0
16542,0
16543,0
16544,0
16545,0
16546,1
16547,1
16548,1
16549,1
16550,1
16551,1
16552,1
16553,1
16554,0
16555,0
16556,0
16557,0
16558,0
16559,0
16560,0
16561,0
16562,0
16563,0
16564,0
16565,0
16566,0
16567,0
16568,0
16569,1
16570,1
16571,1
16572,1
16573,0
16574,0
16575,0
16576,0
16577,0
16578,0
16579,0
16580,0
16581,0
16582,0
16583,0
16584,0
16585,0
16586,0
16587,0
16588,0
16589,1
16590,1
16591,1
16592,1
16593,1
16594,1
16595,1
16596,1
16597,1
16598,1
16599,0
16600,0
16601,0
16602,0
16603,0
16604,0
16605,0
16606,0
16607,0
16608,0
16609,0
16610,0
16611,0
16612,0
16613,0
16614,0
16615,0
16616,0
16617,1
16618,1
16619,0
16620,0
16621,0
16622,0
16623,0
16624,1
16625,0
16626,0
16627,0
16628,0
16629,0
16630,0
16631,0
16632,0
16633,1
16634,1
16635,1
16636,1
16637,1
16638,0
16639,0
16640,0
16641,0
16642,0
16643,0
16644,0
16645,0
16646,1
16647,0
16648,0
16649,0
16650,0
16651,0
16652,0
16653,0
16654,0
16655,0
16656,0
16657,0
16658,0
16659,0
16660,0
16661,0
16662,0
16663,0
16664,0
16665,0
16666,0
16667,0
16668,0
16669,0
16670,0
16671,0
16672,0
16673,0
16674,0
16675,0
16676,0
16677,0
16678,1
16679,1
16680,1
16681,1
16682,1
16683,1
16684,1
16685,1
16686,1
16687,1
16688,1
16689,1
16690,1
16691,0
16692,0
16693,0
16694,0
16695,0
16696,0
16697,0
16698,0
16699,0
16700,0
16701,0
16702,0
16703,1
16704,0
16705,0
16706,0
16707,0
16708,0
16709,0
16710,0
16711,0
16712,1
16713,0
16714,0
16715,0
16716,0
16717,0
16718,0
16719,0
16720,0
16721,1
16722,1
16723,1
16724,1
16725,1
16726,1
16727,1
16728,1
16729,0
16730,0
16731,0
16732,0
16733,0
16734,0
16735,0
16736,0
16737,0
16738,0
16739,0
16740,0
16741,0
16742,0
16743,0
16744,1
16745,1
16746,1
16747,1
16748,0
16749,0
16750,0
16751,0
16752,0
16753,0
16754,0
16755,0
16756,0
16757,0
16758,0
16759,0
16760,0
16761,0
16762,0
16763,0
16764,1
16765,1
16766,0
16767,1
16768,1
16769,1
16770,1
16771,1
16772,1
16773,1
16774,0
16775,0
16776,0
16777,0
16778,0
16779,0
16780,0
16781,0
16782,0
16783,0
16784,0
16785,0
16786,0
16787,0
16788,0
16789,0
16790,0
16791,0
16792,1
16793,1
16794,0
16795,0
16796,0
16797,0
16798,0
16799,0
16800,1
16801,0
16802,0
16803,0
16804,0
16805,0
16806,0
16807,0
16808,1
16809,1
16810,1
16811,1
16812,1
16813,0
16814,0
16815,0
16816,0
16817,0
16818,0
16819,0
16820,0
16821,0
16822,0
16823,0
16824,0
16825,0
16826,0
16827,0
16828,0
16829,0
16830,0
16831,0
16832,0
16833,0
16834,0
16835,0
16836,0
16837,0
16838,0
16839,0
16840,0
16841,0
16842,0
16843,0
16844,0
16845,0
16846,0
16847,0
16848,0
16849,0
16850,0
16851,0
16852,0
16853,0
16854,1
16855,1
16856,1
16857,1
16858,1
16859,1
16860,1
16861,1
16862,1
16863,1
16864,1
16865,1
16866,1
16867,0
16868,0
16869,0
16870,0
16871,0
16872,0
16873,0
16874,0
16875,0
16876,0
16877,0
16878,0
16879,1
16880,0
16881,0
16882,0
16883,0
16884,0
16885,0
16886,0
16887,0
16888,0
16889,0
16890,0
16891,1
16892,0
16893,0
16894,0
16895,0
16896,1
16897,1
16898,0
16899,1
16900,1
16901,1
16902,1
16903,1
16904,0
16905,0
16906,0
16907,0
16908,0
16909,0
16910,0
16911,0
16912,0
16913,0
16914,0
16915,0
16916,0
16917,0
16918,0
16919,0
16920,1
16921,1
16922,1
16923,0
16924,0
16925,0
16926,0
16927,0
16928,0
16929,0
16930,0
16931,0
16932,0
16933,0
16934,0
16935,0
16936,0
16937,0
16938,0
16939,0
16940,1
16941,0
16942,0
16943,0
16944,1
16945,1
16946,1
16947,1
16948,1
16949,0
16950,0
16951,0
16952,0
16953,0
16954,0
16955,0
16956,0
16957,0
16958,0
16959,0
16960,0
16961,0
16962,0
16963,0
16964,0
16965,0
16966,0
16967,0
16968,1
16969,0
16970,0
16971,0
16972,0
16973,0
16974,0
16975,1
16976,0
16977,0
16978,0
16979,0
16980,0
16981,0
16982,0
16983,1
16984,1
16985,1
16986,1
16987,1
16988,0
16989,0
16990,0
16991,0
16992,0
16993,0
16994,0
16995,0
16996,0
16997,0
16998,0
16999,0
17000,0
17001,0
17002,0
17003,0
17004,0
17005,0
17006,0
17007,0
17008,0
17009,0
17010,0
17011,0
17012,0
17013,0
17014,0
17015,0
17016,0
17017,0
17018,0
17019,0
17020,0
17021,0
17022,0
17023,0
17024,0
17025,0
17026,0
17027,0
17028,0
17029,0
17030,1
17031,1
17032,1
17033,1
17034,1
17035,1
17036,1
17037,1
17038,1
17039,1
17040,1
17041,1
17042,1
17043,1
17044,1
17045,0
17046,0
17047,0
17048,0
17049,0
17050,0
17051,0
17052,0
17053,0
17054,1
17055,1
17056,0
17057,0
17058,0
17059,0
17060,0
17061,0
17062,0
17063,0
17064,0
17065,0
17066,0
17067,1
17068,0
17069,0
17070,0
17071,0
17072,0
17073,0
17074,0
17075,1
17076,1
17077,1
17078,1
17079,1
17080,0
17081,0
17082,0
17083,0
17084,0
17085,0
17086,0
17087,0
17088,0
17089,0
17090,0
17091,0
17092,0
17093,0
17094,0
17095,1
17096,1
17097,1
17098,0
17099,0
17100,0
17101,0
17102,0
17103,0
17104,0
17105,0
17106,0
17107,0
17108,0
17109,0
17110,0
17111,0
17112,0
17113,0
17114,0
17115,0
17116,0
17117,0
17118,0
17119,0
17120,1
17121,1
17122,1
17123,1
17124,0
17125,0
17126,0
17127,0
17128,0
17129,0
17130,0
17131,0
17132,0
17133,0
17134,0
17135,0
17136,0
17137,0
17138,0
17139,0
17140,0
17141,1
17142,0
17143,1
17144,0
17145,0
17146,0
17147,0
17148,0
17149,0
17150,0
17151,0
17152,0
17153,0
17154,0
17155,0
17156,0
17157,0
17158,1
17159,1
17160,1
17161,1
17162,1
17163,0
17164,0
17165,0
17166,0
17167,0
17168,0
17169,0
17170,0
17171,0
17172,0
17173,0
17174,0
17175,0
17176,0
17177,0
17178,0
17179,0
17180,0
17181,0
17182,0
17183,0
17184,0
17185,0
17186,0
17187,0
17188,0
17189,0
17190,0
17191,0
17192,0
17193,0
17194,0
17195,0
17196,0
17197,0
17198,0
17199,0
17200,0
17201,0
17202,0
17203,1
17204,0
17205,0
17206,1
17207,1
17208,1
17209,1
17210,1
17211,1
17212,1
17213,1
17214,1
17215,1
17216,1
17217,1
17218,1
17219,1
17220,1
17221,1
17222,0
17223,0
17224,0
17225,0
17226,0
17227,0
17228,0
17229,0
17230,1
17231,0
17232,1
17233,0
17234,0
17235,0
17236,0
17237,0
17238,0
17239,0
17240,0
17241,0
17242,0
17243,0
17244,0
17245,0
17246,0
17247,0
17248,0
17249,0
17250,0
17251,1
17252,1
17253,1
17254,1
17255,1
17256,0
17257,0
17258,0
17259,0
17260,0
17261,0
17262,0
17263,0
17264,0
17265,0
17266,0
17267,0
17268,0
17269,0
17270,0
17271,1
17272,1
17273,1
17274,0
17275,0
17276,0
17277,0
17278,0
17279,0
17280,0
17281,0
17282,0
17283,0
17284,0
17285,0
17286,0
17287,0
17288,0
17289,0
17290,0
17291,0
17292,0
17293,0
17294,0
17295,0
17296,1
17297,1
17298,1
17299,0
17300,0
17301,0
17302,0
17303,0
17304,0
17305,0
17306,0
17307,0
17308,0
17309,0
17310,0
17311,0
17312,0
17313,0
17314,0
17315,0
17316,0
17317,0
17318,0
17319,1
17320,0
17321,0
17322,0
17323,0
17324,0
17325,0
17326,0
17327,0
17328,0
17329,0
17330,0
17331,0
17332,0
17333,1
17334,1
17335,1
17336,1
17337,1
17338,0
17339,0
17340,0
17341,0
17342,0
17343,0
17344,0
17345,0
17346,0
17347,0
17348,0
17349,0
17350,0
17351,0
17352,0
17353,0
17354,0
17355,0
17356,0
17357,0
17358,0
17359,0
17360,0
17361,0
17362,0
17363,0
17364,0
17365,0
17366,0
17367,0
17368,0
17369,0
17370,0
17371,0
17372,0
17373,0
17374,0
17375,0
17376,0
17377,0
17378,0
17379,0
17380,0
17381,1
17382,1
17383,1
17384,1
17385,1
17386,1
17387,1
17388,1
17389,1
17390,1
17391,1
17392,1
17393,1
17394,1
17395,1
17396,1
17397,1
17398,0
17399,0
17400,0
17401,0
17402,0
17403,0
17404,0
17405,1
17406,0
17407,0
17408,0
17409,0
17410,0
17411,0
17412,0
17413,0
17414,0
17415,0
17416,0
17417,0
17418,1
17419,0
17420,0
17421,0
17422,0
17423,0
17424,0
17425,0
17426,0
17427,1
17428,1
17429,1
17430,1
17431,0
17432,0
17433,0
17434,0
17435,0
17436,0
17437,0
17438,0
17439,0
17440,0
17441,0
17442,0
17443,0
17444,0
17445,0
17446,0
17447,1
17448,1
17449,1
17450,0
17451,0
17452,0
17453,0
17454,0
17455,0
17456,0
17457,0
17458,0
17459,0
17460,0
17461,0
17462,0
17463,0
17464,0
17465,0
17466,0
17467,0
17468,0
17469,0
17470,0
17471,0
17472,0
17473,1
17474,1
17475,1
17476,0
17477,0
17478,0
17479,0
17480,0
17481,0
17482,0
17483,0
17484,0
17485,0
17486,0
17487,0
17488,0
17489,0
17490,0
17491,0
17492,0
17493,0
17494,0
17495,1
17496,0
17497,0
17498,0
17499,0
17500,0
17501,0
17502,0
17503,0
17504,0
17505,0
17506,0
17507,0
17508,0
17509,1
17510,1
17511,1
17512,1
17513,1
17514,0
17515,0
17516,0
17517,0
17518,0
17519,0
17520,0
17521,0
17522,0
17523,0
17524,0
17525,0
17526,0
17527,0
17528,0
17529,0
17530,0
17531,0
17532,0
17533,0
17534,0
17535,0
17536,0
17537,0
17538,0
17539,0
17540,0
17541,0
17542,0
17543,0
17544,0
17545,0
17546,0
17547,0
17548,0
17549,0
17550,0
17551,0
17552,0
17553,0
17554,0
17555,0
17556,0
17557,0
17558,1
17559,1
17560,1
17561,1
17562,1
17563,1
17564,1
17565,1
17566,1
17567,1
17568,1
17569,1
17570,1
17571,1
17572,1
17573,1
17574,1
17575,0
17576,0
17577,0
17578,0
17579,0
17580,0
17581,1
17582,0
17583,0
17584,0
17585,0
17586,0
17587,0
17588,0
17589,0
17590,0
17591,0
17592,0
17593,0
17594,0
17595,0
17596,0
17597,0
17598,0
17599,0
17600,0
17601,0
17602,0
17603,0
17604,1
17605,1
17606,1
17607,1
17608,0
17609,0
17610,0
17611,0
17612,0
17613,0
17614,0
17615,0
17616,0
17617,0
17618,0
17619,0
17620,0
17621,0
17622,0
17623,1
17624,1
17625,0
17626,0
17627,0
17628,0
17629,0
17630,0
17631,0
17632,0
17633,0
17634,0
17635,0
17636,0
17637,0
17638,0
17639,0
17640,0
17641,0
17642,0
17643,0
17644,0
17645,0
17646,0
17647,0
17648,0
17649,1
17650,1
17651,0
17652,0
17653,0
17654,0
17655,0
17656,0
17657,0
17658,0
17659,0
17660,0
17661,0
17662,0
17663,0
17664,0
17665,0
17666,0
17667,0
17668,0
17669,0
17670,0
17671,1
17672,0
17673,0
17674,0
17675,0
17676,0
17677,0
17678,0
17679,0
17680,0
17681,0
17682,0
17683,1
17684,1
17685,1
17686,1
17687,1
17688,1
17689,0
17690,0
17691,0
17692,0
17693,0
17694,0
17695,0
17696,0
17697,0
17698,0
17699,0
17700,0
17701,0
17702,0
17703,0
17704,0
17705,0
17706,0
17707,0
17708,0
17709,0
17710,0
17711,0
17712,0
17713,0
17714,0
17715,0
17716,0
17717,0
17718,0
17719,0
17720,0
17721,1
17722,0
17723,0
17724,0
17725,0
17726,0
17727,0
17728,0
17729,0
17730,0
17731,0
17732,0
17733,1
17734,1
17735,0
17736,1
17737,1
17738,1
17739,1
17740,1
17741,1
17742,1
17743,1
17744,1
17745,1
17746,1
17747,1
17748,1
17749,1
17750,1
17751,0
17752,0
17753,0
17754,0
17755,0
17756,1
17757,0
17758,0
17759,0
17760,0
17761,0
17762,0
17763,0
17764,0
17765,0
17766,0
17767,0
17768,0
17769,0
17770,0
17771,0
17772,0
17773,1
17774,0
17775,0
17776,0
17777,0
17778,0
17779,0
17780,1
17781,1
17782,1
17783,0
17784,0
17785,0
17786,0
17787,0
17788,0
17789,0
17790,0
17791,0
17792,0
17793,0
17794,0
17795,0
17796,0
17797,0
17798,0
17799,1
17800,1
17801,0
17802,0
17803,0
17804,0
17805,0
17806,0
17807,0
17808,0
17809,0
17810,0
17811,0
17812,0
17813,0
17814,0
17815,0
17816,0
17817,0
17818,0
17819,0
17820,0
17821,0
17822,0
17823,0
17824,0
17825,0
17826,1
17827,1
17828,0
17829,0
17830,0
17831,0
17832,0
17833,0
17834,0
17835,0
17836,0
17837,0
17838,0
17839,0
17840,0
17841,0
17842,0
17843,0
17844,0
17845,0
17846,0
17847,0
17848,0
17849,0
17850,0
17851,0
17852,0
17853,0
17854,0
17855,0
17856,0
17857,0
17858,0
17859,1
17860,1
17861,1
17862,1
17863,1
17864,1
17865,0
17866,0
17867,0
17868,0
17869,0
17870,0
17871,0
17872,0
17873,0
17874,0
17875,0
17876,0
17877,0
17878,0
17879,0
17880,0
17881,0
17882,0
17883,0
17884,0
17885,0
17886,0
17887,0
17888,0
17889,0
17890,0
17891,0
17892,0
17893,0
17894,0
17895,0
17896,0
17897,1
17898,0
17899,0
17900,0
17901,0
17902,0
17903,0
17904,0
17905,0
17906,0
17907,0
17908,0
17909,0
17910,1
17911,0
17912,0
17913,1
17914,1
17915,1
17916,1
17917,1
17918,1
17919,1
17920,1
17921,1
17922,1
17923,1
17924,1
17925,1
17926,1
17927,0
17928,0
17929,0
17930,0
17931,0
17932,1
17933,1
17934,0
17935,0
17936,0
17937,0
17938,0
17939,0
17940,0
17941,0
17942,0
17943,0
17944,0
17945,0
17946,0
17947,0
17948,0
17949,0
17950,0
17951,0
17952,0
17953,0
17954,0
17955,0
17956,0
17957,1
17958,1
17959,0
17960,0
17961,0
17962,0
17963,0
17964,0
17965,0
17966,0
17967,0
17968,0
17969,0
17970,0
17971,0
17972,0
17973,0
17974,0
17975,0
17976,1
17977,1
17978,0
17979,0
17980,0
17981,0
17982,0
17983,0
17984,0
17985,0
17986,0
17987,0
17988,0
17989,0
17990,0
17991,0
17992,0
17993,0
17994,0
17995,0
17996,0
17997,0
17998,0
17999,0
18000,0
18001,0
18002,0
18003,1
18004,0
18005,0
18006,0
18007,0
18008,0
18009,0
18010,0
18011,0
18012,0
18013,0
18014,0
18015,0
18016,0
18017,0
18018,0
18019,0
18020,0
18021,0
18022,0
18023,0
18024,0
18025,0
18026,0
18027,0
18028,0
18029,0
18030,0
18031,0
18032,0
18033,0
18034,0
18035,0
18036,1
18037,1
18038,1
18039,1
18040,1
18041,0
18042,0
18043,0
18044,0
18045,0
18046,0
18047,0
18048,0
18049,0
18050,0
18051,0
18052,0
18053,0
18054,0
18055,0
18056,0
18057,0
18058,0
18059,0
18060,0
18061,0
18062,0
18063,0
18064,0
18065,0
18066,0
18067,0
18068,0
18069,0
18070,0
18071,0
18072,0
18073,1
18074,1
18075,0
18076,0
18077,0
18078,1
18079,0
18080,0
18081,0
18082,0
18083,0
18084,0
18085,0
18086,1
18087,0
18088,0
18089,0
18090,1
18091,1
18092,1
18093,1
18094,1
18095,1
18096,1
18097,1
18098,1
18099,1
18100,1
18101,1
18102,0
18103,0
18104,0
18105,0
18106,0
18107,0
18108,0
18109,1
18110,0
18111,0
18112,0
18113,0
18114,0
18115,0
18116,0
18117,0
18118,0
18119,0
18120,0
18121,0
18122,0
18123,0
18124,0
18125,0
18126,0
18127,0
18128,0
18129,0
18130,0
18131,0
18132,0
18133,0
18134,1
18135,1
18136,0
18137,0
18138,0
18139,0
18140,0
18141,0
18142,0
18143,0
18144,0
18145,0
18146,0
18147,0
18148,0
18149,0
18150,0
18151,0
18152,0
18153,1
18154,0
18155,0
18156,0
18157,0
18158,0
18159,0
18160,0
18161,0
18162,0
18163,0
18164,0
18165,0
18166,0
18167,0
18168,0
18169,0
18170,0
18171,0
18172,0
18173,0
18174,0
18175,0
18176,0
18177,0
18178,0
18179,0
18180,0
18181,0
18182,0
18183,0
18184,0
18185,0
18186,0
18187,0
18188,0
18189,0
18190,0
18191,0
18192,0
18193,0
18194,0
18195,0
18196,0
18197,0
18198,0
18199,0
18200,0
18201,0
18202,0
18203,0
18204,1
18205,0
18206,0
18207,0
18208,0
18209,0
18210,0
18211,0
18212,1
18213,1
18214,1
18215,1
18216,1
18217,0
18218,0
18219,0
18220,0
18221,0
18222,0
18223,0
18224,0
18225,0
18226,0
18227,0
18228,0
18229,0
18230,0
18231,0
18232,0
18233,0
18234,0
18235,0
18236,0
18237,0
18238,0
18239,0
18240,0
18241,0
18242,0
18243,0
18244,0
18245,0
18246,0
18247,0
18248,0
18249,1
18250,1
18251,1
18252,0
18253,0
18254,1
18255,0
18256,0
18257,0
18258,0
18259,0
18260,0
18261,0
18262,0
18263,0
18264,0
18265,0
18266,0
18267,1
18268,1
18269,1
18270,1
18271,1
18272,1
18273,1
18274,1
18275,1
18276,1
18277,0
18278,0
18279,0
18280,0
18281,1
18282,0
18283,0
18284,0
18285,0
18286,0
18287,0
18288,0
18289,0
18290,0
18291,0
18292,0
18293,0
18294,0
18295,0
18296,0
18297,0
18298,0
18299,0
18300,0
18301,0
18302,0
18303,0
18304,0
18305,0
18306,0
18307,0
18308,0
18309,0
18310,1
18311,1
18312,0
18313,0
18314,0
18315,0
18316,0
18317,0
18318,0
18319,0
18320,0
18321,0
18322,0
18323,0
18324,0
18325,0
18326,0
18327,0
18328,0
18329,1
18330,0
18331,0
18332,0
18333,0
18334,0
18335,0
18336,0
18337,0
18338,0
18339,0
18340,0
18341,0
18342,0
18343,0
18344,0
18345,0
18346,0
18347,0
18348,0
18349,0
18350,0
18351,0
18352,0
18353,0
18354,0
18355,0
18356,0
18357,0
18358,0
18359,0
18360,0
18361,0
18362,0
18363,0
18364,0
18365,0
18366,0
18367,0
18368,0
18369,0
18370,0
18371,0
18372,0
18373,0
18374,0
18375,0
18376,0
18377,0
18378,0
18379,0
18380,0
18381,0
18382,0
18383,0
18384,0
18385,0
18386,0
18387,0
18388,0
18389,1
18390,1
18391,1
18392,1
18393,0
18394,0
18395,0
18396,0
18397,0
18398,0
18399,0
18400,0
18401,0
18402,0
18403,0
18404,0
18405,0
18406,0
18407,0
18408,0
18409,0
18410,0
18411,0
18412,0
18413,0
18414,0
18415,0
18416,0
18417,0
18418,0
18419,0
18420,0
18421,0
18422,0
18423,0
18424,0
18425,0
18426,1
18427,1
18428,1
18429,1
18430,1
18431,0
18432,0
18433,0
18434,0
18435,0
18436,0
18437,0
18438,0
18439,0
18440,0
18441,0
18442,0
18443,0
18444,1
18445,1
18446,1
18447,1
18448,1
18449,1
18450,1
18451,1
18452,1
18453,0
18454,0
18455,0
18456,0
18457,0
18458,1
18459,0
18460,0
18461,0
18462,0
18463,0
18464,0
18465,0
18466,0
18467,0
18468,0
18469,0
18470,0
18471,0
18472,0
18473,0
18474,0
18475,0
18476,0
18477,0
18478,0
18479,0
18480,0
18481,0
18482,0
18483,0
18484,0
18485,0
18486,0
18487,0
18488,0
18489,0
18490,0
18491,0
18492,0
18493,0
18494,0
18495,0
18496,0
18497,0
18498,0
18499,0
18500,0
18501,0
18502,0
18503,0
18504,0
18505,0
18506,1
18507,0
18508,1
18509,0
18510,0
18511,0
18512,0
18513,0
18514,0
18515,0
18516,1
18517,0
18518,0
18519,0
18520,0
18521,0
18522,0
18523,0
18524,0
18525,0
18526,0
18527,0
18528,0
18529,0
18530,0
18531,0
18532,0
18533,0
18534,0
18535,0
18536,0
18537,0
18538,0
18539,0
18540,0
18541,0
18542,0
18543,0
18544,0
18545,0
18546,0
18547,0
18548,0
18549,0
18550,0
18551,0
18552,0
18553,0
18554,0
18555,0
18556,0
18557,0
18558,0
18559,0
18560,0
18561,0
18562,0
18563,0
18564,0
18565,1
18566,1
18567,1
18568,1
18569,0
18570,0
18571,0
18572,0
18573,0
18574,0
18575,0
18576,0
18577,0
18578,0
18579,0
18580,0
18581,0
18582,0
18583,0
18584,0
18585,0
18586,0
18587,0
18588,0
18589,0
18590,0
18591,0
18592,0
18593,0
18594,0
18595,0
18596,0
18597,0
18598,0
18599,0
18600,0
18601,0
18602,1
18603,1
18604,1
18605,1
18606,1
18607,1
18608,0
18609,0
18610,0
18611,0
18612,0
18613,0
18614,0
18615,0
18616,0
18617,0
18618,0
18619,0
18620,0
18621,1
18622,1
18623,1
18624,1
18625,1
18626,1
18627,1
18628,1
18629,0
18630,0
18631,0
18632,0
18633,0
18634,1
18635,0
18636,0
18637,0
18638,0
18639,0
18640,0
18641,0
18642,0
18643,0
18644,0
18645,0
18646,0
18647,0
18648,0
18649,0
18650,0
18651,0
18652,0
18653,0
18654,0
18655,0
18656,0
18657,0
18658,0
18659,0
18660,0
18661,0
18662,0
18663,0
18664,0
18665,0
18666,0
18667,0
18668,0
18669,0
18670,0
18671,0
18672,0
18673,0
18674,0
18675,0
18676,0
18677,0
18678,0
18679,0
18680,0
18681,0
18682,0
18683,0
18684,0
18685,0
18686,0
18687,0
18688,0
18689,0
18690,0
18691,0
18692,0
18693,0
18694,0
18695,0
18696,0
18697,0
18698,0
18699,0
18700,0
18701,0
18702,0
18703,0
18704,0
18705,0
18706,0
18707,0
18708,0
18709,0
18710,0
18711,0
18712,0
18713,0
18714,0
18715,0
18716,0
18717,0
18718,0
18719,0
18720,0
18721,0
18722,0
18723,0
18724,0
18725,0
18726,0
18727,0
18728,0
18729,0
18730,0
18731,0
18732,0
18733,0
18734,0
18735,0
18736,1
18737,0
18738,0
18739,0
18740,0
18741,0
18742,0
18743,1
18744,1
18745,1
18746,0
18747,0
18748,0
18749,1
18750,0
18751,0
18752,0
18753,0
18754,0
18755,0
18756,0
18757,0
18758,0
18759,0
18760,0
18761,0
18762,0
18763,0
18764,0
18765,0
18766,0
18767,0
18768,0
18769,0
18770,0
18771,0
18772,0
18773,0
18774,0
18775,0
18776,0
18777,0
18778,0
18779,0
18780,1
18781,1
18782,1
18783,1
18784,1
18785,0
18786,0
18787,0
18788,0
18789,0
18790,0
18791,0
18792,0
18793,0
18794,0
18795,0
18796,0
18797,0
18798,0
18799,1
18800,1
18801,1
18802,1
18803,1
18804,1
18805,1
18806,0
18807,0
18808,0
18809,0
18810,0
18811,1
18812,1
18813,0
18814,0
18815,0
18816,0
18817,0
18818,0
18819,0
18820,0
18821,0
18822,0
18823,0
18824,0
18825,0
18826,0
18827,0
18828,0
18829,0
18830,0
18831,0
18832,0
18833,0
18834,0
18835,0
18836,0
18837,0
18838,0
18839,0
18840,0
18841,0
18842,0
18843,0
18844,0
18845,0
18846,0
18847,0
18848,0
18849,0
18850,0
18851,0
18852,1
18853,0
18854,0
18855,0
18856,0
18857,0
18858,0
18859,0
18860,0
18861,0
18862,0
18863,0
18864,0
18865,0
18866,0
18867,0
18868,0
18869,0
18870,1
18871,0
18872,0
18873,0
18874,0
18875,0
18876,0
18877,0
18878,0
18879,0
18880,0
18881,0
18882,0
18883,0
18884,0
18885,0
18886,0
18887,0
18888,0
18889,0
18890,0
18891,0
18892,0
18893,0
18894,0
18895,0
18896,0
18897,0
18898,0
18899,0
18900,0
18901,0
18902,0
18903,0
18904,0
18905,0
18906,0
18907,0
18908,0
18909,0
18910,0
18911,0
18912,0
18913,0
18914,0
18915,0
18916,0
18917,0
18918,0
18919,1
18920,1
18921,1
18922,0
18923,0
18924,0
18925,1
18926,1
18927,0
18928,0
18929,0
18930,0
18931,0
18932,0
18933,0
18934,0
18935,0
18936,0
18937,0
18938,0
18939,0
18940,0
18941,0
18942,0
18943,0
18944,0
18945,0
18946,0
18947,0
18948,0
18949,0
18950,0
18951,0
18952,0
18953,0
18954,0
18955,0
18956,0
18957,1
18958,1
18959,1
18960,1
18961,1
18962,0
18963,0
18964,0
18965,1
18966,0
18967,0
18968,0
18969,1
18970,0
18971,0
18972,0
18973,0
18974,0
18975,0
18976,1
18977,1
18978,1
18979,1
18980,1
18981,1
18982,0
18983,0
18984,0
18985,0
18986,0
18987,1
18988,1
18989,0
18990,0
18991,0
18992,0
18993,0
18994,0
18995,0
18996,0
18997,0
18998,0
18999,0
19000,0
19001,0
19002,0
19003,0
19004,0
19005,0
19006,0
19007,0
19008,0
19009,0
19010,0
19011,0
19012,0
19013,0
19014,0
19015,0
19016,0
19017,0
19018,0
19019,0
19020,0
19021,0
19022,0
19023,0
19024,0
19025,0
19026,0
19027,0
19028,1
19029,1
19030,0
19031,0
19032,0
19033,0
19034,0
19035,0
19036,0
19037,1
19038,0
19039,0
19040,0
19041,0
19042,0
19043,0
19044,0
19045,0
19046,0
19047,0
19048,0
19049,0
19050,0
19051,0
19052,0
19053,0
19054,0
19055,0
19056,0
19057,0
19058,0
19059,0
19060,0
19061,0
19062,0
19063,0
19064,0
19065,0
19066,0
19067,0
19068,0
19069,0
19070,0
19071,0
19072,0
19073,0
19074,0
19075,0
19076,0
19077,0
19078,0
19079,0
19080,0
19081,0
19082,0
19083,0
19084,0
19085,0
19086,0
19087,0
19088,0
19089,1
19090,0
19091,0
19092,0
19093,0
19094,0
19095,0
19096,1
19097,1
19098,0
19099,0
19100,0
19101,1
19102,1
19103,1
19104,0
19105,0
19106,0
19107,0
19108,0
19109,0
19110,0
19111,0
19112,0
19113,0
19114,0
19115,0
19116,0
19117,0
19118,0
19119,0
19120,0
19121,0
19122,0
19123,0
19124,0
19125,0
19126,0
19127,0
19128,0
19129,0
19130,0
19131,0
19132,0
19133,1
19134,1
19135,1
19136,1
19137,1
19138,0
19139,0
19140,0
19141,0
19142,1
19143,0
19144,0
19145,1
19146,1
19147,1
19148,1
19149,0
19150,0
19151,0
19152,0
19153,1
19154,1
19155,1
19156,1
19157,1
19158,0
19159,0
19160,0
19161,0
19162,0
19163,1
19164,1
19165,1
19166,0
19167,0
19168,0
19169,0
19170,0
19171,0
19172,0
19173,0
19174,0
19175,0
19176,0
19177,0
19178,0
19179,0
19180,0
19181,0
19182,0
19183,0
19184,1
19185,0
19186,0
19187,0
19188,0
19189,0
19190,0
19191,0
19192,0
19193,0
19194,0
19195,0
19196,0
19197,0
19198,0
19199,0
19200,0
19201,0
19202,0
19203,0
19204,1
19205,1
19206,1
19207,0
19208,0
19209,0
19210,0
19211,0
19212,0
19213,0
19214,0
19215,0
19216,0
19217,0
19218,0
19219,0
19220,0
19221,0
19222,0
19223,0
19224,0
19225,0
19226,0
19227,0
19228,0
19229,0
19230,0
19231,0
19232,0
19233,0
19234,0
19235,0
19236,0
19237,0
19238,0
19239,0
19240,0
19241,0
19242,0
19243,0
19244,0
19245,0
19246,0
19247,0
19248,0
19249,0
19250,0
19251,0
19252,0
19253,0
19254,0
19255,0
19256,0
19257,0
19258,0
19259,0
19260,0
19261,0
19262,0
19263,0
19264,0
19265,1
19266,0
19267,0
19268,0
19269,0
19270,0
19271,0
19272,1
19273,1
19274,0
19275,0
19276,0
19277,0
19278,1
19279,1
19280,0
19281,0
19282,0
19283,0
19284,0
19285,0
19286,0
19287,0
19288,0
19289,0
19290,0
19291,0
19292,0
19293,0
19294,0
19295,0
19296,0
19297,0
19298,0
19299,0
19300,0
19301,0
19302,0
19303,0
19304,0
19305,0
19306,0
19307,0
19308,0
19309,0
19310,1
19311,1
19312,1
19313,1
19314,1
19315,0
19316,0
19317,0
19318,0
19319,0
19320,0
19321,0
19322,1
19323,1
19324,1
19325,1
19326,0
19327,0
19328,0
19329,0
19330,1
19331,1
19332,1
19333,1
19334,0
19335,0
19336,0
19337,0
19338,1
19339,1
19340,1
19341,1
19342,1
19343,0
19344,0
19345,0
19346,0
19347,1
19348,0
19349,0
19350,0
19351,0
19352,0
19353,0
19354,0
19355,0
19356,0
19357,0
19358,0
19359,0
19360,1
19361,1
19362,0
19363,0
19364,0
19365,0
19366,0
19367,0
19368,0
19369,0
19370,0
19371,0
19372,0
19373,0
19374,0
19375,0
19376,0
19377,0
19378,0
19379,0
19380,1
19381,1
19382,1
19383,1
19384,0
19385,0
19386,0
19387,0
19388,0
19389,0
19390,0
19391,0
19392,0
19393,0
19394,0
19395,0
19396,0
19397,0
19398,0
19399,0
19400,0
19401,0
19402,0
19403,0
19404,0
19405,0
19406,0
19407,0
19408,0
19409,0
19410,0
19411,0
19412,0
19413,0
19414,0
19415,0
19416,0
19417,0
19418,0
19419,0
19420,0
19421,0
19422,0
19423,0
19424,0
19425,0
19426,0
19427,0
19428,0
19429,0
19430,0
19431,0
19432,0
19433,0
19434,0
19435,0
19436,0
19437,0
19438,0
19439,0
19440,0
19441,0
19442,1
19443,0
19444,0
19445,0
19446,0
19447,0
19448,1
19449,1
19450,0
19451,0
19452,0
19453,0
19454,0
19455,1
19456,1
19457,0
19458,0
19459,0
19460,0
19461,0
19462,0
19463,0
19464,0
19465,0
19466,0
19467,0
19468,0
19469,0
19470,0
19471,0
19472,0
19473,0
19474,0
19475,0
19476,0
19477,0
19478,0
19479,0
19480,0
19481,0
19482,0
19483,0
19484,0
19485,0
19486,1
19487,1
19488,1
19489,1
19490,1
19491,0
19492,0
19493,0
19494,0
19495,0
19496,0
19497,0
19498,1
19499,1
19500,1
19501,1
19502,1
19503,0
19504,0
19505,0
19506,0
19507,1
19508,1
19509,1
19510,0
19511,0
19512,0
19513,0
19514,1
19515,1
19516,1
19517,1
19518,1
19519,1
19520,1
19521,0
19522,1
19523,1
19524,0
19525,1
19526,0
19527,0
19528,0
19529,0
19530,0
19531,0
19532,0
19533,0
19534,0
19535,0
19536,1
19537,1
19538,1
19539,0
19540,0
19541,0
19542,1
19543,0
19544,0
19545,0
19546,0
19547,0
19548,0
19549,0
19550,0
19551,0
19552,0
19553,0
19554,0
19555,0
19556,0
19557,0
19558,1
19559,1
19560,1
19561,1
19562,0
19563,0
19564,0
19565,0
19566,0
19567,0
19568,0
19569,0
19570,0
19571,0
19572,1
19573,0
19574,0
19575,0
19576,0
19577,0
19578,0
19579,0
19580,0
19581,0
19582,0
19583,0
19584,0
19585,0
19586,0
19587,0
19588,0
19589,0
19590,0
19591,0
19592,0
19593,0
19594,0
19595,0
19596,0
19597,0
19598,0
19599,0
19600,0
19601,0
19602,0
19603,0
19604,0
19605,0
19606,0
19607,0
19608,0
19609,0
19610,0
19611,0
19612,0
19613,0
19614,0
19615,0
19616,0
19617,0
19618,0
19619,1
19620,0
19621,0
19622,0
19623,0
19624,0
19625,1
19626,1
19627,0
19628,0
19629,0
19630,0
19631,0
19632,0
19633,1
19634,1
19635,0
19636,0
19637,0
19638,0
19639,0
19640,0
19641,0
19642,0
19643,0
19644,0
19645,0
19646,0
19647,0
19648,0
19649,0
19650,0
19651,0
19652,0
19653,0
19654,0
19655,0
19656,0
19657,0
19658,0
19659,0
19660,0
19661,0
19662,0
19663,0
19664,1
19665,1
19666,1
19667,1
19668,0
19669,0
19670,0
19671,0
19672,0
19673,0
19674,0
19675,0
19676,1
19677,1
19678,1
19679,1
19680,1
19681,0
19682,0
19683,0
19684,0
19685,0
19686,0
19687,0
19688,0
19689,0
19690,0
19691,0
19692,1
19693,1
19694,1
19695,1
19696,1
19697,1
19698,1
19699,1
19700,1
19701,1
19702,0
19703,0
19704,0
19705,0
19706,0
19707,1
19708,0
19709,0
19710,0
19711,0
19712,0
19713,1
19714,1
19715,1
19716,1
19717,1
19718,0
19719,1
19720,0
19721,0
19722,0
19723,0
19724,0
19725,0
19726,0
19727,0
19728,0
19729,0
19730,0
19731,0
19732,0
19733,0
19734,1
19735,1
19736,1
19737,1
19738,1
19739,1
19740,0
19741,0
19742,0
19743,0
19744,0
19745,0
19746,0
19747,0
19748,1
19749,1
19750,1
19751,0
19752,0
19753,0
19754,0
19755,0
19756,0
19757,0
19758,0
19759,0
19760,0
19761,0
19762,0
19763,0
19764,0
19765,0
19766,0
19767,0
19768,0
19769,0
19770,0
19771,0
19772,0
19773,0
19774,0
19775,0
19776,0
19777,0
19778,0
19779,0
19780,0
19781,0
19782,0
19783,0
19784,0
19785,0
19786,0
19787,0
19788,0
19789,0
19790,0
19791,0
19792,0
19793,0
19794,0
19795,0
19796,1
19797,0
19798,0
19799,0
19800,0
19801,1
19802,1
19803,0
19804,0
19805,0
19806,0
19807,0
19808,0
19809,0
19810,0
19811,0
19812,0
19813,0
19814,0
19815,0
19816,0
19817,0
19818,0
19819,0
19820,0
19821,0
19822,0
19823,0
19824,0
19825,1
19826,0
19827,0
19828,0
19829,0
19830,0
19831,0
19832,0
19833,0
19834,0
19835,0
19836,0
19837,0
19838,0
19839,0
19840,0
19841,1
19842,1
19843,1
19844,0
19845,0
19846,0
19847,0
19848,0
19849,0
19850,0
19851,0
19852,1
19853,0
19854,1
19855,1
19856,1
19857,0
19858,0
19859,0
19860,0
19861,0
19862,0
19863,0
19864,0
19865,0
19866,0
19867,0
19868,1
19869,1
19870,1
19871,1
19872,1
19873,1
19874,1
19875,1
19876,1
19877,1
19878,0
19879,0
19880,0
19881,0
19882,0
19883,1
19884,1
19885,0
19886,0
19887,0
19888,0
19889,1
19890,1
19891,1
19892,1
19893,1
19894,1
19895,1
19896,1
19897,0
19898,0
19899,0
19900,0
19901,0
19902,0
19903,0
19904,0
19905,0
19906,0
19907,0
19908,0
19909,0
19910,0
19911,1
19912,1
19913,1
19914,1
19915,1
19916,1
19917,0
19918,0
19919,0
19920,0
19921,0
19922,0
19923,0
19924,1
19925,1
19926,1
19927,1
19928,0
19929,0
19930,0
19931,0
19932,0
19933,0
19934,0
19935,0
19936,0
19937,0
19938,0
19939,0
19940,0
19941,0
19942,0
19943,0
19944,0
19945,0
19946,0
19947,0
19948,0
19949,0
19950,0
19951,0
19952,0
19953,0
19954,0
19955,0
19956,0
19957,0
19958,0
19959,0
19960,0
19961,0
19962,0
19963,0
19964,0
19965,0
19966,0
19967,0
19968,0
19969,0
19970,0
19971,0
19972,1
19973,1
19974,0
19975,0
19976,0
19977,1
19978,1
19979,1
19980,0
19981,0
19982,0
19983,0
19984,0
19985,0
19986,0
19987,0
19988,0
19989,0
19990,0
19991,0
19992,0
19993,0
19994,0
19995,0
19996,0
19997,0
19998,0
19999,0
20000,0
20001,0
20002,0
20003,0
20004,0
20005,0
20006,0
20007,0
20008,0
20009,0
20010,0
20011,0
20012,0
20013,0
20014,0
20015,0
20016,0
20017,1
20018,1
20019,1
20020,1
20021,0
20022,0
20023,0
20024,0
20025,0
20026,0
20027,0
20028,0
20029,0
20030,0
20031,1
20032,1
20033,0
20034,0
20035,0
20036,0
20037,0
20038,0
20039,0
20040,0
20041,0
20042,0
20043,0
20044,1
20045,1
20046,1
20047,1
20048,1
20049,1
20050,1
20051,1
20052,1
20053,1
20054,1
20055,0
20056,0
20057,0
20058,0
20059,1
20060,1
20061,1
20062,0
20063,0
20064,0
20065,0
20066,1
20067,1
20068,1
20069,1
20070,1
20071,1
20072,1
20073,0
20074,0
20075,0
20076,0
20077,0
20078,0
20079,0
20080,0
20081,0
20082,0
20083,0
20084,0
20085,0
20086,0
20087,0
20088,0
20089,1
20090,1
20091,1
20092,1
20093,1
20094,1
20095,0
20096,0
20097,0
20098,0
20099,0
20100,0
20101,1
20102,1
20103,1
20104,1
20105,1
20106,0
20107,0
20108,0
20109,0
20110,0
20111,0
20112,0
20113,0
20114,0
20115,0
20116,0
20117,0
20118,0
20119,0
20120,0
20121,0
20122,0
20123,0
20124,0
20125,0
20126,0
20127,0
20128,0
20129,0
20130,0
20131,0
20132,0
20133,0
20134,0
20135,0
20136,0
20137,0
20138,0
20139,0
20140,0
20141,0
20142,0
20143,0
20144,0
20145,0
20146,0
20147,0
20148,0
20149,1
20150,1
20151,1
20152,0
20153,0
20154,1
20155,1
20156,1
20157,0
20158,0
20159,0
20160,0
20161,0
20162,0
20163,0
20164,0
20165,0
20166,0
20167,0
20168,0
20169,0
20170,0
20171,0
20172,0
20173,0
20174,0
20175,0
20176,1
20177,0
20178,0
20179,0
20180,0
20181,0
20182,0
20183,0
20184,0
20185,0
20186,0
20187,0
20188,0
20189,0
20190,0
20191,0
20192,0
20193,0
20194,0
20195,1
20196,1
20197,1
20198,0
20199,0
20200,0
20201,0
20202,0
20203,0
20204,0
20205,0
20206,0
20207,0
20208,0
20209,0
20210,0
20211,0
20212,0
20213,0
20214,0
20215,0
20216,0
20217,0
20218,0
20219,0
20220,0
20221,1
20222,1
20223,1
20224,1
20225,1
20226,1
20227,1
20228,1
20229,1
20230,1
20231,1
20232,0
20233,0
20234,0
20235,0
20236,1
20237,1
20238,1
20239,0
20240,0
20241,0
20242,0
20243,1
20244,1
20245,1
20246,1
20247,1
20248,1
20249,1
20250,1
20251,0
20252,0
20253,0
20254,0
20255,0
20256,0
20257,0
20258,0
20259,0
20260,0
20261,0
20262,0
20263,0
20264,0
20265,1
20266,1
20267,1
20268,1
20269,1
20270,1
20271,1
20272,0
20273,0
20274,0
20275,0
20276,0
20277,1
20278,1
20279,1
20280,1
20281,1
20282,0
20283,0
20284,0
20285,0
20286,0
20287,0
20288,0
20289,0
20290,0
20291,0
20292,0
20293,0
20294,0
20295,0
20296,0
20297,0
20298,0
20299,0
20300,0
20301,0
20302,0
20303,0
20304,0
20305,0
20306,0
20307,0
20308,0
20309,0
20310,0
20311,0
20312,0
20313,0
20314,0
20315,0
20316,0
20317,0
20318,0
20319,0
20320,0
20321,0
20322,0
20323,0
20324,0
20325,1
20326,1
20327,1
20328,1
20329,0
20330,1
20331,1
20332,1
20333,0
20334,0
20335,0
20336,0
20337,0
20338,0
20339,1
20340,0
20341,0
20342,0
20343,0
20344,0
20345,0
20346,0
20347,0
20348,0
20349,0
20350,0
20351,0
20352,0
20353,1
20354,1
20355,0
20356,0
20357,0
20358,0
20359,0
20360,0
20361,0
20362,0
20363,0
20364,0
20365,0
20366,0
20367,0
20368,0
20369,0
20370,0
20371,0
20372,1
20373,1
20374,1
20375,0
20376,0
20377,0
20378,0
20379,0
20380,0
20381,0
20382,0
20383,0
20384,0
20385,0
20386,0
20387,0
20388,0
20389,0
20390,0
20391,0
20392,0
20393,0
20394,0
20395,0
20396,0
20397,0
20398,1
20399,1
20400,1
20401,1
20402,1
20403,1
20404,1
20405,1
20406,1
20407,1
20408,0
20409,0
20410,0
20411,0
20412,1
20413,1
20414,1
20415,1
20416,0
20417,0
20418,0
20419,0
20420,1
20421,1
20422,1
20423,1
20424,1
20425,1
20426,1
20427,1
20428,0
20429,0
20430,0
20431,0
20432,0
20433,0
20434,0
20435,0
20436,0
20437,0
20438,0
20439,0
20440,0
20441,0
20442,0
20443,1
20444,1
20445,1
20446,1
20447,1
20448,1
20449,1
20450,0
20451,0
20452,0
20453,0
20454,1
20455,1
20456,1
20457,1
20458,1
20459,1
20460,0
20461,0
20462,0
20463,0
20464,0
20465,0
20466,0
20467,0
20468,1
20469,1
20470,1
20471,0
20472,0
20473,0
20474,0
20475,0
20476,0
20477,0
20478,0
20479,0
20480,0
20481,0
20482,0
20483,0
20484,0
20485,0
20486,0
20487,0
20488,0
20489,0
20490,0
20491,0
20492,0
20493,0
20494,0
20495,0
20496,0
20497,0
20498,0
20499,0
20500,0
20501,0
20502,0
20503,1
20504,1
20505,1
20506,1
20507,1
20508,1
20509,1
20510,1
20511,0
20512,0
20513,0
20514,0
20515,0
20516,0
20517,1
20518,0
20519,0
20520,0
20521,0
20522,0
20523,0
20524,0
20525,0
20526,0
20527,0
20528,0
20529,0
20530,1
20531,1
20532,0
20533,0
20534,0
20535,0
20536,0
20537,0
20538,0
20539,0
20540,0
20541,0
20542,0
20543,0
20544,0
20545,0
20546,0
20547,0
20548,0
20549,1
20550,1
20551,1
20552,1
20553,0
20554,0
20555,0
20556,0
20557,0
20558,0
20559,0
20560,0
20561,0
20562,0
20563,0
20564,0
20565,0
20566,0
20567,0
20568,0
20569,0
20570,0
20571,0
20572,0
20573,0
20574,0
20575,0
20576,1
20577,1
20578,1
20579,1
20580,1
20581,1
20582,1
20583,1
20584,1
20585,1
20586,0
20587,0
20588,0
20589,0
20590,1
20591,1
20592,1
20593,1
20594,0
20595,0
20596,0
20597,1
20598,1
20599,1
20600,1
20601,1
20602,1
20603,1
20604,1
20605,0
20606,0
20607,0
20608,0
20609,0
20610,0
20611,0
20612,0
20613,0
20614,0
20615,0
20616,0
20617,0
20618,0
20619,0
20620,1
20621,1
20622,1
20623,1
20624,1
20625,1
20626,1
20627,0
20628,0
20629,0
20630,1
20631,1
20632,1
20633,1
20634,1
20635,1
20636,0
20637,0
20638,0
20639,0
20640,0
20641,0
20642,0
20643,0
20644,1
20645,1
20646,1
20647,1
20648,0
20649,0
20650,0
20651,0
20652,0
20653,0
20654,0
20655,0
20656,0
20657,0
20658,0
20659,0
20660,0
20661,0
20662,0
20663,0
20664,0
20665,0
20666,0
20667,0
20668,0
20669,0
20670,0
20671,0
20672,0
20673,0
20674,0
20675,0
20676,0
20677,0
20678,0
20679,1
20680,1
20681,1
20682,1
20683,1
20684,1
20685,1
20686,1
20687,0
20688,0
20689,0
20690,0
20691,0
20692,0
20693,0
20694,0
20695,0
20696,0
20697,0
20698,0
20699,0
20700,0
20701,0
20702,0
20703,0
20704,0
20705,0
20706,0
20707,1
20708,1
20709,1
20710,0
20711,0
20712,0
20713,0
20714,0
20715,0
20716,0
20717,0
20718,0
20719,0
20720,0
20721,0
20722,0
20723,0
20724,0
20725,0
20726,1
20727,1
20728,1
20729,1
20730,0
20731,0
20732,0
20733,0
20734,0
20735,0
20736,0
20737,0
20738,0
20739,0
20740,0
20741,0
20742,0
20743,0
20744,0
20745,0
20746,0
20747,0
20748,0
20749,0
20750,0
20751,0
20752,1
20753,1
20754,1
20755,1
20756,1
20757,1
20758,1
20759,1
20760,1
20761,1
20762,0
20763,0
20764,0
20765,0
20766,1
20767,1
20768,1
20769,1
20770,0
20771,0
20772,0
20773,0
20774,1
20775,1
20776,1
20777,1
20778,1
20779,1
20780,1
20781,1
20782,0
20783,0
20784,0
20785,0
20786,0
20787,0
20788,0
20789,0
20790,0
20791,0
20792,0
20793,0
20794,0
20795,0
20796,1
20797,1
20798,1
20799,1
20800,1
20801,1
20802,1
20803,1
20804,0
20805,0
20806,1
20807,1
20808,1
20809,1
20810,1
20811,1
20812,1
20813,0
20814,0
20815,0
20816,0
20817,0
20818,0
20819,0
20820,1
20821,1
20822,1
20823,1
20824,1
20825,0
20826,0
20827,0
20828,0
20829,0
20830,0
20831,0
20832,0
20833,0
20834,0
20835,0
20836,0
20837,0
20838,0
20839,0
20840,0
20841,0
20842,0
20843,0
20844,0
20845,0
20846,0
20847,0
20848,0
20849,0
20850,0
20851,0
20852,0
20853,0
20854,0
20855,1
20856,1
20857,1
20858,1
20859,1
20860,1
20861,1
20862,1
20863,1
20864,0
20865,0
20866,0
20867,0
20868,0
20869,1
20870,0
20871,0
20872,0
20873,0
20874,0
20875,0
20876,0
20877,0
20878,0
20879,0
20880,0
20881,0
20882,0
20883,0
20884,0
20885,0
20886,0
20887,0
20888,0
20889,0
20890,0
20891,0
20892,0
20893,0
20894,0
20895,0
20896,0
20897,0
20898,0
20899,0
20900,0
20901,0
20902,0
20903,1
20904,1
20905,1
20906,1
20907,0
20908,0
20909,0
20910,0
20911,0
20912,0
20913,0
20914,0
20915,0
20916,0
20917,0
20918,0
20919,0
20920,0
20921,0
20922,0
20923,0
20924,0
20925,0
20926,0
20927,0
20928,0
20929,0
20930,1
20931,1
20932,1
20933,1
20934,1
20935,1
20936,1
20937,1
20938,1
20939,0
20940,0
20941,0
20942,0
20943,1
20944,1
20945,1
20946,1
20947,0
20948,0
20949,0
20950,1
20951,1
20952,1
20953,1
20954,1
20955,1
20956,1
20957,1
20958,1
20959,0
20960,0
20961,0
20962,0
20963,0
20964,0
20965,0
20966,0
20967,0
20968,0
20969,0
20970,0
20971,0
20972,0
20973,1
20974,1
20975,1
20976,1
20977,1
20978,1
20979,1
20980,1
20981,0
20982,1
20983,1
20984,1
20985,1
20986,1
20987,1
20988,1
20989,0
20990,0
20991,0
20992,0
20993,0
20994,1
20995,1
20996,1
20997,1
20998,1
20999,1
21000,1
21001,1
21002,0
21003,0
21004,0
21005,0
21006,0
21007,0
21008,0
21009,1
21010,0
21011,0
21012,0
21013,0
21014,0
21015,0
21016,0
21017,0
21018,0
21019,0
21020,0
21021,0
21022,0
21023,0
21024,0
21025,0
21026,0
21027,0
21028,0
21029,0
21030,0
21031,0
21032,1
21033,1
21034,1
21035,1
21036,1
21037,1
21038,1
21039,1
21040,0
21041,0
21042,0
21043,0
21044,0
21045,0
21046,0
21047,0
21048,0
21049,0
21050,0
21051,0
21052,0
21053,0
21054,0
21055,0
21056,0
21057,0
21058,0
21059,0
21060,0
21061,0
21062,0
21063,0
21064,0
21065,0
21066,0
21067,0
21068,0
21069,0
21070,0
21071,0
21072,0
21073,0
21074,0
21075,0
21076,0
21077,0
21078,0
21079,0
21080,1
21081,1
21082,1
21083,1
21084,1
21085,0
21086,0
21087,0
21088,0
21089,0
21090,0
21091,0
21092,0
21093,0
21094,1
21095,0
21096,0
21097,0
21098,0
21099,0
21100,0
21101,0
21102,0
21103,0
21104,0
21105,0
21106,0
21107,1
21108,1
21109,1
21110,1
21111,1
21112,1
21113,1
21114,1
21115,0
21116,0
21117,0
21118,0
21119,1
21120,1
21121,1
21122,1
21123,1
21124,0
21125,0
21126,0
21127,1
21128,1
21129,1
21130,1
21131,1
21132,1
21133,1
21134,1
21135,1
21136,0
21137,0
21138,0
21139,0
21140,0
21141,0
21142,0
21143,0
21144,0
21145,0
21146,0
21147,0
21148,0
21149,0
21150,1
21151,1
21152,1
21153,1
21154,1
21155,1
21156,1
21157,1
21158,1
21159,1
21160,1
21161,1
21162,1
21163,1
21164,1
21165,0
21166,0
21167,0
21168,0
21169,0
21170,1
21171,1
21172,1
21173,1
21174,1
21175,1
21176,1
21177,1
21178,0
21179,0
21180,0
21181,0
21182,0
21183,0
21184,0
21185,1
21186,1
21187,0
21188,0
21189,0
21190,0
21191,0
21192,0
21193,0
21194,0
21195,0
21196,0
21197,0
21198,0
21199,0
21200,0
21201,0
21202,0
21203,0
21204,0
21205,0
21206,0
21207,0
21208,1
21209,1
21210,0
21211,1
21212,1
21213,1
21214,1
21215,1
21216,0
21217,0
21218,0
21219,0
21220,0
21221,0
21222,0
21223,0
21224,0
21225,0
21226,0
21227,0
21228,0
21229,0
21230,0
21231,0
21232,0
21233,0
21234,0
21235,0
21236,0
21237,0
21238,0
21239,0
21240,0
21241,0
21242,0
21243,0
21244,0
21245,0
21246,0
21247,0
21248,0
21249,0
21250,0
21251,0
21252,0
21253,0
21254,0
21255,0
21256,0
21257,0
21258,1
21259,1
21260,1
21261,0
21262,0
21263,0
21264,0
21265,0
21266,0
21267,0
21268,0
21269,0
21270,1
21271,1
21272,0
21273,0
21274,0
21275,0
21276,0
21277,0
21278,0
21279,0
21280,0
21281,0
21282,0
21283,0
21284,1
21285,1
21286,1
21287,1
21288,1
21289,1
21290,1
21291,0
21292,0
21293,0
21294,0
21295,1
21296,1
21297,1
21298,1
21299,1
21300,1
21301,0
21302,0
21303,0
21304,1
21305,1
21306,1
21307,1
21308,1
21309,1
21310,1
21311,1
21312,1
21313,1
21314,0
21315,0
21316,0
21317,0
21318,0
21319,0
21320,0
21321,0
21322,0
21323,0
21324,0
21325,0
21326,1
21327,1
21328,1
21329,1
21330,1
21331,1
21332,1
21333,1
21334,1
21335,1
21336,1
21337,1
21338,1
21339,1
21340,0
21341,0
21342,0
21343,0
21344,0
21345,1
21346,1
21347,1
21348,1
21349,1
21350,1
21351,1
21352,1
21353,1
21354,0
21355,0
21356,0
21357,0
21358,0
21359,0
21360,1
21361,1
21362,0
21363,0
21364,0
21365,0
21366,0
21367,0
21368,0
21369,0
21370,0
21371,0
21372,0
21373,0
21374,0
21375,0
21376,0
21377,0
21378,0
21379,0
21380,0
21381,0
21382,0
21383,1
21384,1
21385,0
21386,0
21387,1
21388,1
21389,1
21390,1
21391,1
21392,0
21393,0
21394,0
21395,0
21396,0
21397,0
21398,0
21399,0
21400,0
21401,0
21402,0
21403,0
21404,0
21405,0
21406,0
21407,0
21408,0
21409,0
21410,0
21411,0
21412,0
21413,0
21414,0
21415,0
21416,0
21417,0
21418,0
21419,0
21420,0
21421,0
21422,0
21423,0
21424,0
21425,0
21426,0
21427,0
21428,0
21429,0
21430,0
21431,0
21432,0
21433,0
21434,0
21435,1
21436,1
21437,0
21438,0
21439,0
21440,0
21441,0
21442,0
21443,0
21444,0
21445,0
21446,1
21447,1
21448,1
21449,0
21450,0
21451,0
21452,0
21453,0
21454,0
21455,0
21456,0
21457,0
21458,0
21459,0
21460,1
21461,1
21462,1
21463,1
21464,1
21465,1
21466,1
21467,0
21468,0
21469,0
21470,1
21471,1
21472,1
21473,1
21474,1
21475,1
21476,1
21477,0
21478,0
21479,1
21480,1
21481,1
21482,1
21483,1
21484,1
21485,1
21486,1
21487,1
21488,1
21489,1
21490,0
21491,0
21492,0
21493,0
21494,0
21495,0
21496,0
21497,0
21498,0
21499,0
21500,0
21501,0
21502,1
21503,1
21504,1
21505,1
21506,1
21507,1
21508,1
21509,1
21510,1
21511,1
21512,1
21513,1
21514,1
21515,1
21516,1
21517,0
21518,0
21519,0
21520,0
21521,1
21522,1
21523,1
21524,1
21525,1
21526,1
21527,1
21528,1
21529,1
21530,1
21531,0
21532,0
21533,0
21534,0
21535,0
21536,0
21537,1
21538,1
21539,0
21540,0
21541,0
21542,0
21543,0
21544,0
21545,0
21546,0
21547,0
21548,0
21549,0
21550,0
21551,0
21552,0
21553,0
21554,0
21555,0
21556,0
21557,0
21558,0
21559,1
21560,1
21561,1
21562,0
21563,0
21564,1
21565,1
21566,1
21567,1
21568,0
21569,0
21570,0
21571,0
21572,0
21573,0
21574,0
21575,0
21576,0
21577,0
21578,0
21579,0
21580,0
21581,0
21582,0
21583,0
21584,0
21585,0
21586,0
21587,0
21588,0
21589,0
21590,0
21591,0
21592,0
21593,0
21594,0
21595,0
21596,0
21597,0
21598,0
21599,0
21600,0
21601,0
21602,0
21603,0
21604,0
21605,0
21606,0
21607,0
21608,0
21609,0
21610,0
21611,0
21612,1
21613,0
21614,0
21615,0
21616,0
21617,0
21618,0
21619,0
21620,0
21621,0
21622,1
21623,1
21624,1
21625,1
21626,0
21627,0
21628,0
21629,0
21630,0
21631,0
21632,0
21633,0
21634,0
21635,0
21636,0
21637,1
21638,1
21639,1
21640,1
21641,1
21642,1
21643,0
21644,0
21645,0
21646,1
21647,1
21648,1
21649,1
21650,1
21651,1
21652,1
21653,1
21654,0
21655,0
21656,1
21657,1
21658,1
21659,1
21660,1
21661,1
21662,1
21663,1
21664,1
21665,1
21666,0
21667,0
21668,0
21669,0
21670,0
21671,0
21672,0
21673,0
21674,0
21675,0
21676,0
21677,0
21678,1
21679,1
21680,1
21681,1
21682,1
21683,1
21684,1
21685,1
21686,1
21687,1
21688,1
21689,1
21690,1
21691,1
21692,0
21693,0
21694,0
21695,0
21696,0
21697,1
21698,1
21699,1
21700,1
21701,1
21702,1
21703,1
21704,1
21705,1
21706,1
21707,0
21708,0
21709,0
21710,0
21711,0
21712,0
21713,1
21714,0
21715,0
21716,0
21717,0
21718,0
21719,0
21720,0
21721,0
21722,0
21723,0
21724,0
21725,0
21726,0
21727,0
21728,0
21729,0
21730,0
21731,0
21732,0
21733,0
21734,1
21735,1
21736,1
21737,0
21738,0
21739,0
21740,1
21741,1
21742,1
21743,0
21744,0
21745,0
21746,0
21747,0
21748,0
21749,0
21750,0
21751,0
21752,0
21753,0
21754,0
21755,0
21756,0
21757,0
21758,0
21759,0
21760,0
21761,0
21762,0
21763,0
21764,0
21765,0
21766,0
21767,0
21768,0
21769,0
21770,0
21771,0
21772,0
21773,0
21774,0
21775,0
21776,0
21777,0
21778,0
21779,0
21780,0
21781,0
21782,0
21783,0
21784,0
21785,0
21786,0
21787,0
21788,0
21789,0
21790,0
21791,0
21792,0
21793,0
21794,0
21795,0
21796,0
21797,0
21798,1
21799,1
21800,1
21801,0
21802,0
21803,0
21804,0
21805,0
21806,0
21807,0
21808,0
21809,0
21810,0
21811,0
21812,0
21813,1
21814,1
21815,1
21816,1
21817,1
21818,1
21819,0
21820,0
21821,0
21822,1
21823,1
21824,1
21825,1
21826,1
21827,1
21828,1
21829,0
21830,0
21831,1
21832,1
21833,1
21834,1
21835,1
21836,1
21837,1
21838,1
21839,1
21840,1
21841,1
21842,0
21843,0
21844,0
21845,0
21846,0
21847,0
21848,0
21849,0
21850,0
21851,0
21852,0
21853,0
21854,1
21855,1
21856,1
21857,1
21858,1
21859,1
21860,1
21861,1
21862,1
21863,1
21864,1
21865,1
21866,1
21867,1
21868,0
21869,0
21870,0
21871,0
21872,1
21873,1
21874,1
21875,1
21876,1
21877,1
21878,1
21879,1
21880,1
21881,1
21882,0
21883,0
21884,0
21885,0
21886,0
21887,0
21888,1
21889,0
21890,0
21891,0
21892,0
21893,0
21894,0
21895,0
21896,0
21897,0
21898,0
21899,0
21900,0
21901,0
21902,0
21903,0
21904,0
21905,0
21906,0
21907,0
21908,0
21909,0
21910,1
21911,1
21912,1
21913,0
21914,0
21915,1
21916,1
21917,1
21918,1
21919,0
21920,0
21921,0
21922,0
21923,0
21924,0
21925,0
21926,0
21927,0
21928,0
21929,0
21930,0
21931,0
21932,0
21933,0
21934,0
21935,0
21936,0
21937,0
21938,0
21939,0
21940,0
21941,0
21942,0
21943,0
21944,0
21945,0
21946,0
21947,0
21948,0
21949,0
21950,0
21951,0
21952,0
21953,0
21954,0
21955,0
21956,0
21957,0
21958,0
21959,0
21960,0
21961,0
21962,0
21963,0
21964,0
21965,0
21966,0
21967,0
21968,0
21969,0
21970,0
21971,0
21972,0
21973,1
21974,1
21975,1
21976,1
21977,0
21978,0
21979,0
21980,0
21981,0
21982,0
21983,0
21984,0
21985,0
21986,0
21987,0
21988,1
21989,1
21990,1
21991,1
21992,1
21993,0
21994,0
21995,0
21996,0
21997,0
21998,1
21999,1
22000,1
22001,1
22002,1
22003,1
22004,1
22005,0
22006,0
22007,1
22008,1
22009,1
22010,1
22011,1
22012,1
22013,1
22014,1
22015,1
22016,1
22017,0
22018,0
22019,0
22020,0
22021,0
22022,0
22023,0
22024,0
22025,0
22026,0
22027,0
22028,0
22029,1
22030,1
22031,1
22032,1
22033,1
22034,1
22035,1
22036,1
22037,1
22038,1
22039,1
22040,1
22041,1
22042,1
22043,0
22044,0
22045,0
22046,0
22047,0
22048,1
22049,1
22050,1
22051,1
22052,1
22053,1
22054,1
22055,1
22056,1
22057,1
22058,0
22059,0
22060,0
22061,0
22062,0
22063,0
22064,0
22065,0
22066,0
22067,0
22068,0
22069,0
22070,0
22071,0
22072,0
22073,0
22074,0
22075,0
22076,0
22077,0
22078,0
22079,0
22080,0
22081,0
22082,0
22083,0
22084,0
22085,1
22086,1
22087,1
22088,0
22089,0
22090,0
22091,1
22092,1
22093,1
22094,0
22095,0
22096,0
22097,0
22098,0
22099,0
22100,0
22101,0
22102,0
22103,0
22104,0
22105,0
22106,0
22107,0
22108,0
22109,0
22110,0
22111,0
22112,0
22113,0
22114,0
22115,0
22116,0
22117,0
22118,0
22119,0
22120,0
22121,0
22122,0
22123,1
22124,0
22125,0
22126,0
22127,0
22128,0
22129,0
22130,0
22131,0
22132,0
22133,0
22134,0
22135,0
22136,0
22137,0
22138,0
22139,0
22140,0
22141,0
22142,0
22143,0
22144,0
22145,0
22146,0
22147,0
22148,0
22149,1
22150,1
22151,1
22152,1
22153,0
22154,0
22155,0
22156,0
22157,0
22158,0
22159,0
22160,0
22161,0
22162,0
22163,0
22164,1
22165,1
22166,1
22167,1
22168,0
22169,0
22170,0
22171,0
22172,0
22173,0
22174,1
22175,0
22176,0
22177,0
22178,1
22179,1
22180,1
22181,0
22182,1
22183,1
22184,1
22185,1
22186,1
22187,1
22188,1
22189,1
22190,1
22191,1
22192,0
22193,0
22194,0
22195,0
22196,0
22197,0
22198,0
22199,0
22200,0
22201,0
22202,0
22203,0
22204,0
22205,1
22206,1
22207,1
22208,1
22209,1
22210,1
22211,1
22212,1
22213,1
22214,1
22215,1
22216,1
22217,1
22218,1
22219,0
22220,0
22221,0
22222,0
22223,1
22224,1
22225,1
22226,1
22227,1
22228,1
22229,1
22230,1
22231,1
22232,1
22233,0
22234,0
22235,0
22236,0
22237,0
22238,0
22239,0
22240,0
22241,0
22242,0
22243,0
22244,0
22245,0
22246,0
22247,0
22248,0
22249,0
22250,0
22251,0
22252,0
22253,0
22254,0
22255,0
22256,0
22257,0
22258,0
22259,0
22260,0
22261,1
22262,1
22263,1
22264,0
22265,0
22266,1
22267,1
22268,1
22269,0
22270,0
22271,0
22272,0
22273,0
22274,0
22275,0
22276,0
22277,0
22278,0
22279,0
22280,0
22281,0
22282,0
22283,0
22284,0
22285,0
22286,0
22287,0
22288,0
22289,0
22290,0
22291,0
22292,0
22293,0
22294,0
22295,0
22296,0
22297,0
22298,1
22299,0
22300,0
22301,0
22302,0
22303,0
22304,0
22305,0
22306,0
22307,0
22308,0
22309,0
22310,0
22311,0
22312,0
22313,0
22314,0
22315,0
22316,0
22317,0
22318,0
22319,0
22320,0
22321,0
22322,0
22323,1
22324,1
22325,1
22326,1
22327,1
22328,1
22329,0
22330,0
22331,0
22332,0
22333,0
22334,0
22335,0
22336,0
22337,0
22338,0
22339,1
22340,1
22341,1
22342,1
22343,0
22344,0
22345,0
22346,1
22347,0
22348,0
22349,0
22350,0
22351,0
22352,0
22353,0
22354,1
22355,1
22356,0
22357,0
22358,1
22359,1
22360,1
22361,1
22362,1
22363,1
22364,1
22365,1
22366,1
22367,0
22368,0
22369,0
22370,0
22371,0
22372,0
22373,0
22374,0
22375,0
22376,0
22377,0
22378,0
22379,0
22380,1
22381,1
22382,1
22383,1
22384,1
22385,1
22386,1
22387,1
22388,1
22389,1
22390,1
22391,1
22392,1
22393,0
22394,0
22395,0
22396,0
22397,1
22398,1
22399,1
22400,1
22401,1
22402,1
22403,1
22404,1
22405,1
22406,1
22407,1
22408,0
22409,0
22410,0
22411,0
22412,0
22413,0
22414,0
22415,0
22416,0
22417,0
22418,0
22419,0
22420,0
22421,0
22422,0
22423,0
22424,0
22425,0
22426,0
22427,0
22428,0
22429,0
22430,0
22431,0
22432,0
22433,0
22434,0
22435,1
22436,1
22437,1
22438,1
22439,0
22440,0
22441,1
22442,1
22443,0
22444,0
22445,0
22446,0
22447,0
22448,0
22449,0
22450,0
22451,0
22452,0
22453,0
22454,0
22455,0
22456,0
22457,0
22458,0
22459,0
22460,0
22461,0
22462,1
22463,0
22464,0
22465,0
22466,0
22467,0
22468,0
22469,0
22470,0
22471,0
22472,0
22473,0
22474,0
22475,0
22476,0
22477,0
22478,0
22479,0
22480,0
22481,0
22482,0
22483,0
22484,0
22485,0
22486,0
22487,0
22488,0
22489,0
22490,0
22491,0
22492,0
22493,0
22494,0
22495,0
22496,0
22497,0
22498,0
22499,1
22500,1
22501,1
22502,1
22503,1
22504,0
22505,0
22506,0
22507,0
22508,0
22509,0
22510,0
22511,0
22512,0
22513,0
22514,1
22515,1
22516,0
22517,0
22518,0
22519,0
22520,1
22521,0
22522,0
22523,0
22524,0
22525,0
22526,0
22527,0
22528,1
22529,1
22530,1
22531,0
22532,1
22533,1
22534,1
22535,1
22536,1
22537,1
22538,1
22539,1
22540,1
22541,0
22542,0
22543,0
22544,0
22545,0
22546,0
22547,0
22548,0
22549,0
22550,0
22551,0
22552,0
22553,0
22554,0
22555,0
22556,1
22557,1
22558,1
22559,1
22560,0
22561,0
22562,1
22563,1
22564,1
22565,1
22566,1
22567,0
22568,0
22569,0
22570,0
22571,0
22572,1
22573,1
22574,1
22575,1
22576,1
22577,1
22578,1
22579,1
22580,1
22581,1
22582,0
22583,0
22584,0
22585,0
22586,0
22587,0
22588,0
22589,0
22590,0
22591,0
22592,0
22593,0
22594,0
22595,0
22596,0
22597,0
22598,0
22599,0
22600,0
22601,0
22602,0
22603,0
22604,0
22605,0
22606,0
22607,0
22608,0
22609,1
22610,1
22611,1
22612,1
22613,0
22614,1
22615,1
22616,1
22617,0
22618,0
22619,0
22620,0
22621,0
22622,0
22623,0
22624,1
22625,0
22626,0
22627,0
22628,0
22629,0
22630,0
22631,0
22632,0
22633,1
22634,1
22635,1
22636,1
22637,0
22638,0
22639,0
22640,0
22641,0
22642,0
22643,0
22644,0
22645,0
22646,0
22647,0
22648,0
22649,0
22650,0
22651,0
22652,0
22653,0
22654,0
22655,0
22656,0
22657,0
22658,0
22659,0
22660,0
22661,0
22662,0
22663,0
22664,0
22665,0
22666,0
22667,0
22668,0
22669,0
22670,0
22671,0
22672,1
22673,1
22674,1
22675,1
22676,1
22677,1
22678,0
22679,0
22680,0
22681,0
22682,0
22683,0
22684,0
22685,0
22686,0
22687,0
22688,1
22689,0
22690,0
22691,0
22692,0
22693,1
22694,1
22695,0
22696,0
22697,0
22698,0
22699,0
22700,0
22701,0
22702,1
22703,1
22704,1
22705,0
22706,1
22707,1
22708,1
22709,1
22710,1
22711,1
22712,1
22713,1
22714,0
22715,0
22716,0
22717,0
22718,0
22719,0
22720,0
22721,0
22722,0
22723,0
22724,0
22725,0
22726,0
22727,0
22728,0
22729,0
22730,1
22731,1
22732,1
22733,0
22734,0
22735,0
22736,1
22737,1
22738,1
22739,1
22740,0
22741,0
22742,0
22743,0
22744,0
22745,0
22746,1
22747,1
22748,1
22749,1
22750,0
22751,0
22752,1
22753,1
22754,1
22755,0
22756,0
22757,0
22758,0
22759,0
22760,0
22761,0
22762,0
22763,0
22764,0
22765,0
22766,0
22767,0
22768,0
22769,0
22770,0
22771,0
22772,0
22773,0
22774,0
22775,0
22776,0
22777,0
22778,0
22779,0
22780,0
22781,0
22782,1
22783,1
22784,1
22785,1
22786,1
22787,1
22788,1
22789,0
22790,0
22791,0
22792,0
22793,0
22794,0
22795,0
22796,0
22797,0
22798,0
22799,0
22800,0
22801,0
22802,0
22803,0
22804,0
22805,1
22806,1
22807,1
22808,1
22809,1
22810,0
22811,0
22812,0
22813,0
22814,0
22815,0
22816,0
22817,0
22818,0
22819,0
22820,0
22821,0
22822,0
22823,0
22824,0
22825,0
22826,0
22827,0
22828,0
22829,0
22830,0
22831,0
22832,0
22833,0
22834,0
22835,0
22836,0
22837,0
22838,0
22839,0
22840,0
22841,0
22842,0
22843,0
22844,0
22845,1
22846,1
22847,1
22848,1
22849,1
22850,1
22851,0
22852,0
22853,0
22854,0
22855,0
22856,0
22857,0
22858,0
22859,0
22860,1
22861,0
22862,0
22863,0
22864,0
22865,1
22866,1
22867,0
22868,0
22869,0
22870,0
22871,0
22872,0
22873,0
22874,0
22875,1
22876,1
22877,0
22878,1
22879,1
22880,1
22881,1
22882,1
22883,1
22884,1
22885,1
22886,0
22887,0
22888,0
22889,0
22890,0
22891,0
22892,0
22893,0
22894,0
22895,0
22896,0
22897,0
22898,0
22899,0
22900,0
22901,0
22902,0
22903,1
22904,1
22905,0
22906,0
22907,0
22908,0
22909,1
22910,1
22911,1
22912,1
22913,0
22914,0
22915,0
22916,0
22917,0
22918,1
22919,1
22920,1
22921,1
22922,0
22923,0
22924,0
22925,1
22926,1
22927,1
22928,0
22929,0
22930,0
22931,0
22932,0
22933,0
22934,0
22935,0
22936,0
22937,0
22938,0
22939,0
22940,0
22941,0
22942,0
22943,0
22944,0
22945,0
22946,0
22947,0
22948,0
22949,0
22950,0
22951,0
22952,0
22953,1
22954,1
22955,1
22956,1
22957,1
22958,1
22959,1
22960,1
22961,0
22962,0
22963,0
22964,0
22965,0
22966,0
22967,0
22968,0
22969,0
22970,0
22971,0
22972,0
22973,0
22974,0
22975,0
22976,0
22977,1
22978,1
22979,1
22980,1
22981,0
22982,0
22983,0
22984,0
22985,0
22986,0
22987,0
22988,0
22989,0
22990,0
22991,0
22992,0
22993,0
22994,0
22995,0
22996,0
22997,0
22998,0
22999,0
23000,0
23001,0
23002,0
23003,0
23004,0
23005,0
23006,0
23007,0
23008,0
23009,0
23010,0
23011,0
23012,0
23013,0
23014,0
23015,0
23016,1
23017,1
23018,1
23019,1
23020,1
23021,1
23022,0
23023,0
23024,0
23025,0
23026,0
23027,0
23028,0
23029,0
23030,0
23031,0
23032,0
23033,0
23034,0
23035,0
23036,1
23037,1
23038,0
23039,0
23040,0
23041,0
23042,0
23043,0
23044,0
23045,0
23046,0
23047,1
23048,0
23049,0
23050,1
23051,1
23052,1
23053,1
23054,1
23055,1
23056,1
23057,0
23058,0
23059,0
23060,0
23061,0
23062,0
23063,0
23064,0
23065,0
23066,0
23067,0
23068,0
23069,0
23070,0
23071,0
23072,0
23073,0
23074,0
23075,0
23076,0
23077,0
23078,0
23079,0
23080,1
23081,1
23082,1
23083,0
23084,0
23085,0
23086,0
23087,0
23088,0
23089,1
23090,1
23091,1
23092,0
23093,0
23094,0
23095,0
23096,0
23097,0
23098,0
23099,0
23100,0
23101,0
23102,0
23103,0
23104,0
23105,0
23106,0
23107,0
23108,0
23109,0
23110,0
23111,0
23112,0
23113,0
23114,0
23115,0
23116,0
23117,0
23118,0
23119,0
23120,0
23121,0
23122,0
23123,0
23124,1
23125,1
23126,1
23127,1
23128,1
23129,1
23130,1
23131,0
23132,0
23133,0
23134,0
23135,0
23136,0
23137,0
23138,0
23139,0
23140,0
23141,0
23142,0
23143,0
23144,0
23145,0
23146,0
23147,1
23148,1
23149,1
23150,1
23151,1
23152,0
23153,0
23154,0
23155,0
23156,0
23157,0
23158,0
23159,0
23160,0
23161,0
23162,0
23163,0
23164,0
23165,0
23166,0
23167,0
23168,0
23169,0
23170,0
23171,0
23172,0
23173,0
23174,0
23175,0
23176,0
23177,0
23178,0
23179,0
23180,0
23181,0
23182,0
23183,0
23184,0
23185,0
23186,0
23187,1
23188,1
23189,1
23190,1
23191,1
23192,1
23193,0
23194,0
23195,0
23196,0
23197,0
23198,0
23199,0
23200,0
23201,0
23202,0
23203,0
23204,0
23205,0
23206,0
23207,1
23208,1
23209,0
23210,0
23211,0
23212,0
23213,0
23214,0
23215,0
23216,0
23217,0
23218,0
23219,0
23220,0
23221,1
23222,1
23223,1
23224,1
23225,1
23226,1
23227,1
23228,0
23229,0
23230,0
23231,0
23232,0
23233,0
23234,0
23235,0
23236,0
23237,0
23238,0
23239,0
23240,0
23241,0
23242,0
23243,0
23244,0
23245,0
23246,0
23247,0
23248,0
23249,0
23250,0
23251,0
23252,0
23253,0
23254,0
23255,0
23256,0
23257,0
23258,0
23259,0
23260,1
23261,1
23262,0
23263,0
23264,0
23265,0
23266,0
23267,0
23268,0
23269,0
23270,0
23271,0
23272,0
23273,0
23274,0
23275,0
23276,0
23277,0
23278,0
23279,0
23280,0
23281,0
23282,0
23283,0
23284,0
23285,0
23286,0
23287,0
23288,0
23289,0
23290,0
23291,0
23292,0
23293,1
23294,1
23295,1
23296,1
23297,1
23298,1
23299,1
23300,0
23301,0
23302,0
23303,0
23304,0
23305,0
23306,0
23307,0
23308,0
23309,0
23310,0
23311,0
23312,0
23313,0
23314,0
23315,0
23316,1
23317,1
23318,1
23319,1
23320,1
23321,0
23322,0
23323,0
23324,0
23325,0
23326,0
23327,0
23328,0
23329,0
23330,0
23331,0
23332,0
23333,0
23334,0
23335,0
23336,0
23337,0
23338,0
23339,0
23340,0
23341,0
23342,0
23343,0
23344,0
23345,0
23346,0
23347,0
23348,0
23349,0
23350,0
23351,0
23352,0
23353,0
23354,0
23355,0
23356,0
23357,1
23358,1
23359,1
23360,1
23361,0
23362,0
23363,0
23364,0
23365,0
23366,0
23367,0
23368,0
23369,0
23370,0
23371,0
23372,0
23373,0
23374,0
23375,1
23376,1
23377,0
23378,0
23379,0
23380,0
23381,0
23382,0
23383,0
23384,0
23385,0
23386,0
23387,0
23388,0
23389,0
23390,1
23391,1
23392,1
23393,1
23394,1
23395,1
23396,0
23397,0
23398,0
23399,0
23400,0
23401,0
23402,0
23403,0
23404,0
23405,0
23406,0
23407,0
23408,0
23409,0
23410,0
23411,0
23412,0
23413,0
23414,0
23415,0
23416,0
23417,0
23418,0
23419,0
23420,0
23421,0
23422,0
23423,0
23424,0
23425,0
23426,0
23427,0
23428,0
23429,0
23430,0
23431,0
23432,0
23433,0
23434,0
23435,0
23436,0
23437,0
23438,0
23439,0
23440,0
23441,0
23442,0
23443,0
23444,0
23445,0
23446,0
23447,0
23448,0
23449,0
23450,0
23451,0
23452,0
23453,0
23454,0
23455,0
23456,0
23457,0
23458,1
23459,1
23460,1
23461,1
23462,1
23463,1
23464,0
23465,0
23466,0
23467,0
23468,0
23469,0
23470,0
23471,0
23472,0
23473,0
23474,0
23475,0
23476,0
23477,0
23478,0
23479,0
23480,0
23481,1
23482,1
23483,1
23484,1
23485,1
23486,0
23487,0
23488,0
23489,0
23490,0
23491,0
23492,0
23493,0
23494,0
23495,0
23496,0
23497,0
23498,0
23499,0
23500,0
23501,0
23502,0
23503,0
23504,0
23505,0
23506,0
23507,0
23508,0
23509,0
23510,0
23511,0
23512,0
23513,0
23514,0
23515,0
23516,0
23517,0
23518,0
23519,0
23520,0
23521,0
23522,1
23523,1
23524,1
23525,1
23526,0
23527,0
23528,0
23529,0
23530,0
23531,0
23532,0
23533,0
23534,0
23535,0
23536,0
23537,0
23538,0
23539,0
23540,1
23541,1
23542,0
23543,0
23544,0
23545,0
23546,0
23547,1
23548,0
23549,0
23550,0
23551,0
23552,0
23553,0
23554,0
23555,1
23556,1
23557,1
23558,1
23559,1
23560,0
23561,0
23562,0
23563,0
23564,0
23565,0
23566,0
23567,0
23568,0
23569,0
23570,0
23571,0
23572,0
23573,0
23574,0
23575,0
23576,0
23577,0
23578,0
23579,0
23580,0
23581,0
23582,0
23583,0
23584,0
23585,0
23586,0
23587,0
23588,0
23589,0
23590,0
23591,0
23592,0
23593,0
23594,0
23595,0
23596,0
23597,0
23598,0
23599,0
23600,0
23601,0
23602,0
23603,0
23604,0
23605,0
23606,0
23607,0
23608,0
23609,0
23610,0
23611,0
23612,0
23613,0
23614,0
23615,0
23616,0
23617,0
23618,0
23619,0
23620,0
23621,0
23622,1
23623,1
23624,1
23625,1
23626,1
23627,1
23628,0
23629,0
23630,0
23631,0
23632,0
23633,0
23634,0
23635,1
23636,0
23637,0
23638,0
23639,0
23640,0
23641,0
23642,0
23643,0
23644,1
23645,1
23646,1
23647,1
23648,1
23649,1
23650,0
23651,0
23652,0
23653,0
23654,0
23655,0
23656,0
23657,0
23658,0
23659,0
23660,0
23661,0
23662,0
23663,0
23664,0
23665,0
23666,0
23667,0
23668,0
23669,0
23670,0
23671,0
23672,0
23673,0
23674,0
23675,0
23676,0
23677,0
23678,0
23679,0
23680,0
23681,0
23682,0
23683,0
23684,0
23685,0
23686,1
23687,1
23688,1
23689,0
23690,0
23691,0
23692,0
23693,0
23694,0
23695,0
23696,0
23697,0
23698,0
23699,0
23700,0
23701,0
23702,0
23703,1
23704,1
23705,0
23706,0
23707,0
23708,0
23709,0
23710,0
23711,0
23712,0
23713,0
23714,0
23715,0
23716,0
23717,0
23718,0
23719,1
23720,1
23721,1
23722,1
23723,1
23724,0
23725,0
23726,0
23727,0
23728,0
23729,0
23730,0
23731,1
23732,0
23733,0
23734,0
23735,0
23736,0
23737,0
23738,0
23739,0
23740,0
23741,0
23742,0
23743,0
23744,0
23745,0
23746,0
23747,0
23748,0
23749,0
23750,0
23751,0
23752,0
23753,0
23754,0
23755,0
23756,0
23757,0
23758,0
23759,0
23760,0
23761,0
23762,0
23763,0
23764,0
23765,0
23766,0
23767,0
23768,0
23769,0
23770,0
23771,0
23772,0
23773,0
23774,0
23775,0
23776,0
23777,0
23778,0
23779,0
23780,0
23781,0
23782,0
23783,1
23784,1
23785,1
23786,1
23787,1
23788,0
23789,0
23790,0
23791,0
23792,0
23793,0
23794,0
23795,0
23796,0
23797,0
23798,0
23799,0
23800,0
23801,0
23802,0
23803,0
23804,0
23805,1
23806,1
23807,1
23808,1
23809,1
23810,1
23811,0
23812,0
23813,0
23814,0
23815,0
23816,0
23817,0
23818,0
23819,0
23820,0
23821,0
23822,0
23823,0
23824,0
23825,0
23826,0
23827,0
23828,0
23829,0
23830,0
23831,0
23832,0
23833,0
23834,0
23835,0
23836,0
23837,0
23838,0
23839,0
23840,0
23841,0
23842,0
23843,0
23844,0
23845,0
23846,0
23847,1
23848,1
23849,1
23850,0
23851,0
23852,0
23853,0
23854,0
23855,0
23856,0
23857,0
23858,0
23859,0
23860,0
23861,0
23862,0
23863,0
23864,1
23865,1
23866,0
23867,0
23868,0
23869,0
23870,0
23871,0
23872,0
23873,0
23874,0
23875,0
23876,0
23877,0
23878,0
23879,0
23880,1
23881,1
23882,1
23883,1
23884,0
23885,0
23886,0
23887,0
23888,0
23889,0
23890,0
23891,1
23892,0
23893,0
23894,0
23895,0
23896,0
23897,0
23898,0
23899,0
23900,0
23901,0
23902,0
23903,0
23904,0
23905,0
23906,0
23907,0
23908,0
23909,0
23910,0
23911,0
23912,0
23913,0
23914,0
23915,0
23916,0
23917,0
23918,0
23919,0
23920,0
23921,0
23922,0
23923,0
23924,0
23925,0
23926,0
23927,0
23928,0
23929,0
23930,0
23931,0
23932,0
23933,0
23934,0
23935,0
23936,0
23937,0
23938,1
23939,1
23940,1
23941,1
23942,0
23943,0
23944,0
23945,0
23946,0
23947,0
23948,0
23949,0
23950,0
23951,0
23952,0
23953,0
23954,0
23955,0
23956,0
23957,0
23958,0
23959,1
23960,1
23961,1
23962,1
23963,1
23964,1
23965,1
23966,0
23967,0
23968,0
23969,0
23970,0
23971,0
23972,0
23973,0
23974,0
23975,0
23976,0
23977,1
23978,1
23979,0
23980,0
23981,0
23982,0
23983,0
23984,0
23985,0
23986,0
23987,0
23988,0
23989,0
23990,0
23991,0
23992,0
23993,0
23994,0
23995,0
23996,0
23997,0
23998,0
23999,0
24000,0
24001,0
24002,1
24003,1
24004,0
24005,0
24006,0
24007,0
24008,0
24009,1
24010,0
24011,0
24012,0
24013,0
24014,0
24015,0
24016,0
24017,0
24018,1
24019,1
24020,0
24021,0
24022,0
24023,0
24024,0
24025,0
24026,0
24027,0
24028,0
24029,0
24030,0
24031,0
24032,0
24033,0
24034,0
24035,1
24036,1
24037,1
24038,1
24039,0
24040,0
24041,0
24042,0
24043,0
24044,0
24045,1
24046,1
24047,0
24048,0
24049,0
24050,0
24051,0
24052,0
24053,0
24054,0
24055,0
24056,0
24057,0
24058,0
24059,0
24060,0
24061,0
24062,0
24063,0
24064,0
24065,0
24066,0
24067,0
24068,0
24069,0
24070,0
24071,0
24072,0
24073,0
24074,0
24075,0
24076,0
24077,0
24078,0
24079,0
24080,0
24081,0
24082,0
24083,1
24084,1
24085,1
24086,0
24087,0
24088,0
24089,0
24090,0
24091,0
24092,0
24093,0
24094,0
24095,0
24096,0
24097,0
24098,0
24099,0
24100,0
24101,0
24102,0
24103,0
24104,1
24105,1
24106,1
24107,1
24108,1
24109,1
24110,1
24111,0
24112,0
24113,0
24114,0
24115,0
24116,0
24117,0
24118,0
24119,0
24120,0
24121,1
24122,0
24123,0
24124,0
24125,0
24126,0
24127,0
24128,0
24129,0
24130,0
24131,0
24132,0
24133,0
24134,0
24135,0
24136,0
24137,0
24138,0
24139,0
24140,0
24141,0
24142,0
24143,0
24144,0
24145,0
24146,0
24147,1
24148,1
24149,0
24150,0
24151,0
24152,0
24153,1
24154,0
24155,0
24156,0
24157,0
24158,0
24159,0
24160,0
24161,0
24162,0
24163,1
24164,1
24165,0
24166,0
24167,0
24168,0
24169,0
24170,0
24171,0
24172,0
24173,0
24174,0
24175,0
24176,0
24177,0
24178,0
24179,1
24180,1
24181,1
24182,1
24183,0
24184,0
24185,0
24186,0
24187,0
24188,0
24189,1
24190,1
24191,1
24192,0
24193,0
24194,0
24195,0
24196,0
24197,0
24198,0
24199,0
24200,0
24201,0
24202,0
24203,0
24204,0
24205,0
24206,0
24207,0
24208,0
24209,0
24210,0
24211,0
24212,0
24213,0
24214,0
24215,0
24216,0
24217,0
24218,0
24219,0
24220,0
24221,0
24222,1
24223,1
24224,1
24225,0
24226,0
24227,0
24228,0
24229,0
24230,0
24231,0
24232,0
24233,0
24234,1
24235,0
24236,0
24237,0
24238,0
24239,0
24240,0
24241,0
24242,0
24243,1
24244,1
24245,1
24246,1
24247,1
24248,1
24249,1
24250,1
24251,0
24252,0
24253,0
24254,0
24255,0
24256,0
24257,0
24258,0
24259,1
24260,1
24261,1
24262,0
24263,0
24264,0
24265,0
24266,0
24267,0
24268,0
24269,0
24270,0
24271,0
24272,0
24273,0
24274,0
24275,0
24276,0
24277,0
24278,0
24279,1
24280,0
24281,0
24282,0
24283,0
24284,0
24285,0
24286,1
24287,1
24288,0
24289,0
24290,0
24291,0
24292,1
24293,1
24294,0
24295,0
24296,0
24297,0
24298,0
24299,0
24300,0
24301,0
24302,1
24303,1
24304,0
24305,0
24306,0
24307,0
24308,0
24309,0
24310,0
24311,0
24312,0
24313,0
24314,0
24315,0
24316,0
24317,0
24318,0
24319,1
24320,1
24321,1
24322,1
24323,0
24324,0
24325,0
24326,0
24327,0
24328,1
24329,1
24330,1
24331,0
24332,0
24333,0
24334,0
24335,0
24336,0
24337,0
24338,0
24339,0
24340,0
24341,0
24342,0
24343,0
24344,0
24345,0
24346,0
24347,0
24348,0
24349,0
24350,0
24351,0
24352,0
24353,0
24354,1
24355,0
24356,0
24357,0
24358,0
24359,0
24360,0
24361,0
24362,0
24363,0
24364,0
24365,1
24366,0
24367,0
24368,0
24369,0
24370,0
24371,0
24372,0
24373,0
24374,1
24375,1
24376,1
24377,1
24378,1
24379,1
24380,1
24381,1
24382,0
24383,0
24384,0
24385,0
24386,0
24387,0
24388,0
24389,0
24390,1
24391,1
24392,0
24393,0
24394,0
24395,0
24396,0
24397,0
24398,0
24399,0
24400,0
24401,0
24402,0
24403,0
24404,0
24405,0
24406,0
24407,0
24408,0
24409,0
24410,0
24411,0
24412,0
24413,0
24414,0
24415,0
24416,0
24417,1
24418,0
24419,0
24420,0
24421,0
24422,1
24423,1
24424,0
24425,0
24426,0
24427,0
24428,0
24429,0
24430,0
24431,0
24432,0
24433,1
24434,1
24435,0
24436,0
24437,0
24438,0
24439,0
24440,1
24441,0
24442,0
24443,0
24444,0
24445,0
24446,0
24447,0
24448,0
24449,0
24450,1
24451,1
24452,1
24453,0
24454,0
24455,0
24456,0
24457,0
24458,0
24459,1
24460,1
24461,0
24462,0
24463,0
24464,0
24465,0
24466,0
24467,0
24468,0
24469,0
24470,0
24471,0
24472,0
24473,0
24474,0
24475,0
24476,0
24477,0
24478,0
24479,0
24480,0
24481,0
24482,0
24483,0
24484,0
24485,0
24486,0
24487,0
24488,0
24489,0
24490,0
24491,0
24492,0
24493,0
24494,0
24495,0
24496,1
24497,1
24498,1
24499,1
24500,1
24501,1
24502,1
24503,1
24504,0
24505,0
24506,0
24507,0
24508,0
24509,1
24510,0
24511,1
24512,1
24513,0
24514,0
24515,0
24516,0
24517,0
24518,0
24519,0
24520,0
24521,0
24522,0
24523,0
24524,0
24525,0
24526,0
24527,0
24528,0
24529,0
24530,0
24531,0
24532,0
24533,0
24534,0
24535,0
24536,0
24537,0
24538,1
24539,0
24540,0
24541,0
24542,0
24543,0
24544,1
24545,1
24546,0
24547,0
24548,0
24549,0
24550,0
24551,0
24552,0
24553,0
24554,1
24555,1
24556,0
24557,0
24558,0
24559,0
24560,0
24561,1
24562,1
24563,0
24564,1
24565,1
24566,0
24567,0
24568,0
24569,0
24570,0
24571,0
24572,1
24573,0
24574,0
24575,0
24576,0
24577,0
24578,0
24579,0
24580,1
24581,1
24582,0
24583,0
24584,0
24585,0
24586,0
24587,0
24588,0
24589,0
24590,0
24591,0
24592,0
24593,0
24594,0
24595,0
24596,0
24597,0
24598,0
24599,0
24600,0
24601,0
24602,0
24603,0
24604,0
24605,0
24606,0
24607,0
24608,0
24609,0
24610,0
24611,0
24612,0
24613,0
24614,1
24615,1
24616,1
24617,1
24618,1
24619,1
24620,1
24621,1
24622,1
24623,0
24624,1
24625,1
24626,0
24627,0
24628,1
24629,1
24630,1
24631,0
24632,0
24633,0
24634,0
24635,0
24636,0
24637,0
24638,0
24639,0
24640,0
24641,0
24642,0
24643,0
24644,0
24645,0
24646,0
24647,0
24648,0
24649,0
24650,0
24651,0
24652,0
24653,0
24654,0
24655,0
24656,0
24657,0
24658,0
24659,0
24660,0
24661,1
24662,1
24663,0
24664,0
24665,0
24666,0
24667,0
24668,0
24669,0
24670,0
24671,1
24672,1
24673,1
24674,0
24675,0
24676,0
24677,0
24678,1
24679,1
24680,1
24681,1
24682,1
24683,0
24684,0
24685,0
24686,0
24687,0
24688,0
24689,0
24690,0
24691,0
24692,0
24693,0
24694,0
24695,0
24696,0
24697,1
24698,1
24699,1
24700,0
24701,0
24702,0
24703,0
24704,0
24705,0
24706,0
24707,0
24708,0
24709,0
24710,0
24711,0
24712,0
24713,0
24714,0
24715,0
24716,0
24717,0
24718,0
24719,0
24720,0
24721,0
24722,0
24723,0
24724,0
24725,0
24726,0
24727,1
24728,1
24729,1
24730,1
24731,1
24732,1
24733,1
24734,1
24735,1
24736,1
24737,1
24738,0
24739,0
24740,1
24741,0
24742,0
24743,0
24744,0
24745,0
24746,0
24747,0
24748,0
24749,0
24750,0
24751,0
24752,0
24753,0
24754,0
24755,0
24756,0
24757,0
24758,0
24759,0
24760,0
24761,0
24762,0
24763,0
24764,0
24765,0
24766,0
24767,0
24768,0
24769,0
24770,0
24771,0
24772,0
24773,1
24774,1
24775,0
24776,0
24777,0
24778,0
24779,0
24780,0
24781,0
24782,0
24783,0
24784,1
24785,1
24786,0
24787,0
24788,0
24789,0
24790,1
24791,1
24792,1
24793,1
24794,1
24795,1
24796,0
24797,0
24798,0
24799,0
24800,0
24801,0
24802,1
24803,0
24804,0
24805,0
24806,0
24807,0
24808,0
24809,0
24810,1
24811,1
24812,0
24813,0
24814,0
24815,0
24816,0
24817,0
24818,0
24819,0
24820,0
24821,0
24822,0
24823,0
24824,0
24825,0
24826,0
24827,0
24828,0
24829,0
24830,0
24831,0
24832,0
24833,0
24834,0
24835,0
24836,1
24837,1
24838,1
24839,1
24840,1
24841,1
24842,1
24843,1
24844,1
24845,1
24846,1
24847,0
24848,0
24849,0
24850,0
24851,0
24852,0
24853,0
24854,0
24855,0
24856,0
24857,0
24858,0
24859,0
24860,0
24861,0
24862,0
24863,0
24864,0
24865,0
24866,0
24867,0
24868,0
24869,0
24870,0
24871,0
24872,0
24873,0
24874,0
24875,0
24876,0
24877,0
24878,0
24879,0
24880,0
24881,1
24882,1
24883,1
24884,0
24885,0
24886,0
24887,0
24888,0
24889,0
24890,0
24891,0
24892,1
24893,1
24894,1
24895,0
24896,0
24897,1
24898,1
24899,1
24900,1
24901,1
24902,1
24903,1
24904,0
24905,0
24906,0
24907,0
24908,0
24909,0
24910,0
24911,0
24912,0
24913,0
24914,0
24915,0
24916,0
24917,0
24918,1
24919,1
24920,0
24921,0
24922,0
24923,0
24924,0
24925,0
24926,0
24927,0
24928,0
24929,0
24930,0
24931,0
24932,0
24933,0
24934,0
24935,0
24936,0
24937,0
24938,0
24939,0
24940,0
24941,0
24942,0
24943,0
24944,1
24945,1
24946,1
24947,1
24948,1
24949,1
24950,1
24951,1
24952,1
24953,1
24954,1
24955,0
24956,0
24957,0
24958,0
24959,0
24960,0
24961,0
24962,0
24963,0
24964,0
24965,0
24966,0
24967,0
24968,0
24969,0
24970,0
24971,0
24972,0
24973,0
24974,0
24975,0
24976,0
24977,0
24978,0
24979,0
24980,1
24981,0
24982,0
24983,0
24984,0
24985,0
24986,1
24987,1
24988,1
24989,0
24990,0
24991,0
24992,0
24993,0
24994,0
24995,1
24996,0
24997,1
24998,1
24999,1
25000,0
25001,0
25002,1
25003,1
25004,1
25005,1
25006,1
25007,1
25008,1
25009,1
25010,0
25011,0
25012,0
25013,0
25014,0
25015,0
25016,0
25017,0
25018,0
25019,0
25020,0
25021,0
25022,0
25023,0
25024,1
25025,0
25026,0
25027,0
25028,0
25029,0
25030,0
25031,0
25032,0
25033,0
25034,0
25035,0
25036,0
25037,0
25038,0
25039,0
25040,0
25041,0
25042,0
25043,0
25044,0
25045,0
25046,0
25047,0
25048,1
25049,1
25050,1
25051,1
25052,1
25053,1
25054,1
25055,1
25056,1
25057,1
25058,1
25059,0
25060,0
25061,0
25062,0
25063,0
25064,0
25065,0
25066,0
25067,0
25068,0
25069,0
25070,0
25071,0
25072,0
25073,0
25074,0
25075,0
25076,0
25077,0
25078,0
25079,0
25080,0
25081,1
25082,0
25083,0
25084,1
25085,1
25086,0
25087,0
25088,0
25089,0
25090,1
25091,1
25092,1
25093,0
25094,0
25095,0
25096,0
25097,1
25098,0
25099,1
25100,0
25101,0
25102,1
25103,1
25104,1
25105,0
25106,0
25107,1
25108,1
25109,1
25110,1
25111,1
25112,1
25113,1
25114,0
25115,0
25116,0
25117,0
25118,0
25119,0
25120,0
25121,0
25122,0
25123,0
25124,0
25125,0
25126,0
25127,0
25128,0
25129,0
25130,0
25131,0
25132,0
25133,0
25134,0
25135,0
25136,0
25137,0
25138,0
25139,0
25140,1
25141,1
25142,1
25143,0
25144,0
25145,0
25146,0
25147,0
25148,0
25149,0
25150,0
25151,0
25152,0
25153,1
25154,1
25155,1
25156,1
25157,1
25158,1
25159,1
25160,1
25161,1
25162,1
25163,0
25164,0
25165,0
25166,0
25167,0
25168,0
25169,0
25170,0
25171,0
25172,0
25173,0
25174,0
25175,0
25176,0
25177,0
25178,0
25179,0
25180,0
25181,0
25182,0
25183,0
25184,1
25185,0
25186,0
25187,0
25188,1
25189,0
25190,0
25191,1
25192,1
25193,1
25194,1
25195,0
25196,0
25197,0
25198,0
25199,0
25200,0
25201,1
25202,0
25203,1
25204,1
25205,1
25206,0
25207,0
25208,0
25209,1
25210,1
25211,1
25212,1
25213,1
25214,1
25215,1
25216,0
25217,0
25218,0
25219,0
25220,0
25221,0
25222,0
25223,0
25224,0
25225,0
25226,0
25227,0
25228,0
25229,0
25230,0
25231,0
25232,0
25233,0
25234,0
25235,0
25236,0
25237,0
25238,0
25239,0
25240,0
25241,0
25242,1
25243,1
25244,1
25245,0
25246,0
25247,0
25248,0
25249,0
25250,0
25251,0
25252,0
25253,0
25254,1
25255,1
25256,1
25257,0
25258,1
25259,1
25260,1
25261,1
25262,1
25263,1
25264,0
25265,0
25266,0
25267,0
25268,0
25269,0
25270,0
25271,0
25272,0
25273,0
25274,0
25275,0
25276,0
25277,0
25278,0
25279,0
25280,0
25281,0
25282,0
25283,0
25284,0
25285,0
25286,1
25287,0
25288,0
25289,0
25290,0
25291,1
25292,1
25293,1
25294,1
25295,0
25296,0
25297,0
25298,0
25299,0
25300,0
25301,0
25302,0
25303,0
25304,1
25305,1
25306,0
25307,0
25308,0
25309,0
25310,1
25311,1
25312,1
25313,1
25314,1
25315,1
25316,1
25317,0
25318,0
25319,0
25320,0
25321,0
25322,0
25323,0
25324,0
25325,0
25326,0
25327,0
25328,0
25329,0
25330,0
25331,0
25332,0
25333,0
25334,0
25335,0
25336,0
25337,0
25338,0
25339,0
25340,0
25341,1
25342,1
25343,1
25344,1
25345,0
25346,0
25347,0
25348,0
25349,0
25350,0
25351,0
25352,0
25353,0
25354,1
25355,0
25356,0
25357,0
25358,1
25359,1
25360,1
25361,1
25362,1
25363,0
25364,0
25365,0
25366,0
25367,0
25368,0
25369,0
25370,0
25371,0
25372,0
25373,0
25374,0
25375,0
25376,0
25377,0
25378,0
25379,0
25380,0
25381,0
25382,0
25383,0
25384,0
25385,0
25386,0
25387,0
25388,0
25389,1
25390,1
25391,1
25392,1
25393,0
25394,0
25395,0
25396,0
25397,0
25398,0
25399,0
25400,1
25401,0
25402,1
25403,1
25404,1
25405,0
25406,0
25407,0
25408,1
25409,1
25410,1
25411,1
25412,1
25413,1
25414,1
25415,1
25416,0
25417,0
25418,0
25419,0
25420,0
25421,0
25422,0
25423,0
25424,0
25425,0
25426,0
25427,0
25428,0
25429,0
25430,0
25431,0
25432,0
25433,0
25434,0
25435,0
25436,0
25437,0
25438,0
25439,1
25440,1
25441,1
25442,1
25443,1
25444,0
25445,0
25446,0
25447,0
25448,0
25449,0
25450,0
25451,0
25452,0
25453,0
25454,0
25455,0
25456,0
25457,1
25458,1
25459,1
25460,1
25461,0
25462,0
25463,0
25464,0
25465,0
25466,0
25467,0
25468,0
25469,0
25470,0
25471,0
25472,0
25473,0
25474,0
25475,0
25476,0
25477,0
25478,0
25479,0
25480,0
25481,0
25482,0
25483,0
25484,0
25485,0
25486,0
25487,1
25488,1
25489,1
25490,1
25491,1
25492,0
25493,0
25494,0
25495,0
25496,1
25497,0
25498,0
25499,1
25500,1
25501,1
25502,1
25503,0
25504,0
25505,0
25506,0
25507,1
25508,1
25509,1
25510,1
25511,1
25512,1
25513,1
25514,1
25515,0
25516,0
25517,0
25518,0
25519,0
25520,0
25521,0
25522,0
25523,0
25524,0
25525,0
25526,0
25527,0
25528,0
25529,0
25530,0
25531,0
25532,0
25533,0
25534,0
25535,0
25536,0
25537,0
25538,1
25539,1
25540,1
25541,1
25542,1
25543,0
25544,0
25545,0
25546,0
25547,0
25548,0
25549,0
25550,0
25551,0
25552,0
25553,0
25554,0
25555,0
25556,1
25557,1
25558,1
25559,0
25560,0
25561,0
25562,0
25563,0
25564,0
25565,0
25566,0
25567,0
25568,0
25569,0
25570,0
25571,0
25572,0
25573,0
25574,0
25575,0
25576,0
25577,0
25578,0
25579,0
25580,0
25581,0
25582,0
25583,0
25584,0
25585,1
25586,1
25587,1
25588,1
25589,1
25590,0
25591,0
25592,0
25593,0
25594,0
25595,0
25596,0
25597,1
25598,1
25599,1
25600,1
25601,0
25602,0
25603,0
25604,0
25605,1
25606,1
25607,1
25608,1
25609,1
25610,1
25611,1
25612,1
25613,1
25614,0
25615,0
25616,0
25617,0
25618,0
25619,0
25620,0
25621,0
25622,0
25623,0
25624,0
25625,0
25626,0
25627,0
25628,0
25629,0
25630,0
25631,0
25632,0
25633,0
25634,0
25635,1
25636,1
25637,1
25638,1
25639,1
25640,1
25641,0
25642,0
25643,0
25644,0
25645,0
25646,0
25647,0
25648,0
25649,0
25650,0
25651,0
25652,0
25653,0
25654,1
25655,1
25656,1
25657,0
25658,0
25659,0
25660,0
25661,0
25662,0
25663,0
25664,0
25665,0
25666,0
25667,0
25668,0
25669,0
25670,0
25671,0
25672,0
25673,0
25674,0
25675,0
25676,0
25677,1
25678,0
25679,0
25680,0
25681,0
25682,1
25683,1
25684,1
25685,1
25686,1
25687,1
25688,0
25689,0
25690,0
25691,0
25692,0
25693,0
25694,0
25695,1
25696,1
25697,1
25698,1
25699,0
25700,0
25701,0
25702,0
25703,1
25704,1
25705,1
25706,1
25707,1
25708,1
25709,1
25710,1
25711,1
25712,0
25713,0
25714,0
25715,0
25716,0
25717,0
25718,0
25719,0
25720,0
25721,0
25722,0
25723,0
25724,0
25725,0
25726,0
25727,0
25728,0
25729,0
25730,0
25731,0
25732,0
25733,1
25734,1
25735,1
25736,1
25737,1
25738,1
25739,1
25740,0
25741,0
25742,0
25743,0
25744,0
25745,0
25746,0
25747,0
25748,0
25749,0
25750,0
25751,0
25752,0
25753,1
25754,1
25755,0
25756,0
25757,0
25758,0
25759,0
25760,0
25761,0
25762,0
25763,0
25764,0
25765,0
25766,0
25767,0
25768,0
25769,0
25770,0
25771,0
25772,0
25773,0
25774,0
25775,1
25776,0
25777,0
25778,0
25779,0
25780,1
25781,1
25782,1
25783,1
25784,1
25785,1
25786,0
25787,0
25788,0
25789,0
25790,0
25791,0
25792,1
25793,1
25794,1
25795,1
25796,0
25797,0
25798,0
25799,0
25800,1
25801,1
25802,1
25803,1
25804,1
25805,1
25806,1
25807,1
25808,1
25809,0
25810,0
25811,0
25812,0
25813,0
25814,0
25815,0
25816,0
25817,0
25818,0
25819,1
25820,0
25821,0
25822,0
25823,0
25824,0
25825,0
25826,0
25827,0
25828,0
25829,0
25830,0
25831,1
25832,1
25833,1
25834,1
25835,1
25836,1
25837,1
25838,1
25839,0
25840,0
25841,0
25842,0
25843,0
25844,0
25845,0
25846,0
25847,0
25848,0
25849,0
25850,0
25851,1
25852,1
25853,0
25854,0
25855,0
25856,0
25857,0
25858,0
25859,0
25860,0
25861,0
25862,0
25863,0
25864,0
25865,0
25866,0
25867,0
25868,0
25869,0
25870,0
25871,1
25872,1
25873,0
25874,0
25875,0
25876,0
25877,1
25878,1
25879,1
25880,1
25881,1
25882,1
25883,0
25884,0
25885,0
25886,0
25887,0
25888,1
25889,1
25890,1
25891,1
25892,0
25893,0
25894,0
25895,0
25896,0
25897,1
25898,1
25899,1
25900,1
25901,0
25902,1
25903,1
25904,1
25905,1
25906,0
25907,0
25908,1
25909,0
25910,0
25911,0
25912,0
25913,0
25914,0
25915,1
25916,1
25917,0
25918,0
25919,0
25920,0
25921,0
25922,0
25923,0
25924,0
25925,0
25926,0
25927,1
25928,1
25929,1
25930,1
25931,1
25932,1
25933,1
25934,1
25935,0
25936,0
25937,0
25938,0
25939,0
25940,0
25941,0
25942,0
25943,0
25944,0
25945,0
25946,0
25947,0
25948,1
25949,0
25950,0
25951,0
25952,0
25953,0
25954,0
25955,0
25956,0
25957,0
25958,0
25959,0
25960,0
25961,0
25962,0
25963,0
25964,0
25965,0
25966,0
25967,0
25968,0
25969,0
25970,0
25971,0
25972,0
25973,0
25974,1
25975,1
25976,1
25977,1
25978,1
25979,1
25980,0
25981,0
25982,0
25983,0
25984,0
25985,1
25986,1
25987,1
25988,1
25989,0
25990,0
25991,0
25992,0
25993,1
25994,1
25995,1
25996,1
25997,0
25998,0
25999,1
26000,1
26001,1
26002,0
26003,0
26004,0
26005,0
26006,0
26007,0
26008,0
26009,0
26010,0
26011,0
26012,1
26013,1
26014,0
26015,0
26016,0
26017,0
26018,0
26019,0
26020,0
26021,0
26022,0
26023,0
26024,0
26025,1
26026,1
26027,1
26028,1
26029,1
26030,1
26031,1
26032,0
26033,0
26034,0
26035,0
26036,0
26037,0
26038,0
26039,0
26040,0
26041,0
26042,0
26043,0
26044,0
26045,1
26046,1
26047,0
26048,0
26049,0
26050,0
26051,0
26052,0
26053,0
26054,0
26055,0
26056,0
26057,0
26058,0
26059,0
26060,0
26061,0
26062,0
26063,0
26064,0
26065,0
26066,0
26067,0
26068,0
26069,0
26070,0
26071,1
26072,1
26073,1
26074,1
26075,1
26076,1
26077,0
26078,0
26079,0
26080,0
26081,1
26082,1
26083,1
26084,1
26085,0
26086,0
26087,0
26088,0
26089,1
26090,1
26091,1
26092,1
26093,0
26094,0
26095,0
26096,1
26097,1
26098,0
26099,0
26100,0
26101,0
26102,0
26103,0
26104,0
26105,0
26106,0
26107,0
26108,1
26109,1
26110,1
26111,0
26112,0
26113,0
26114,0
26115,0
26116,0
26117,0
26118,0
26119,0
26120,0
26121,1
26122,1
26123,1
26124,1
26125,1
26126,1
26127,1
26128,0
26129,0
26130,0
26131,0
26132,0
26133,0
26134,0
26135,0
26136,0
26137,0
26138,0
26139,0
26140,0
26141,0
26142,1
26143,0
26144,0
26145,0
26146,0
26147,0
26148,0
26149,0
26150,0
26151,0
26152,0
26153,0
26154,0
26155,0
26156,0
26157,0
26158,0
26159,0
26160,0
26161,0
26162,0
26163,0
26164,0
26165,0
26166,0
26167,0
26168,0
26169,1
26170,1
26171,1
26172,1
26173,0
26174,0
26175,0
26176,0
26177,1
26178,1
26179,1
26180,1
26181,1
26182,0
26183,0
26184,0
26185,1
26186,1
26187,1
26188,1
26189,0
26190,0
26191,0
26192,0
26193,1
26194,0
26195,0
26196,0
26197,0
26198,0
26199,0
26200,0
26201,0
26202,0
26203,0
26204,0
26205,1
26206,1
26207,1
26208,0
26209,0
26210,0
26211,0
26212,0
26213,0
26214,0
26215,0
26216,0
26217,0
26218,0
26219,0
26220,0
26221,1
26222,1
26223,1
26224,1
26225,1
26226,1
26227,0
26228,0
26229,0
26230,0
26231,0
26232,0
26233,0
26234,0
26235,0
26236,0
26237,0
26238,0
26239,0
26240,0
26241,1
26242,0
26243,0
26244,0
26245,0
26246,0
26247,0
26248,0
26249,0
26250,0
26251,0
26252,0
26253,0
26254,0
26255,0
26256,0
26257,0
26258,0
26259,1
26260,0
26261,0
26262,0
26263,0
26264,0
26265,0
26266,0
26267,0
26268,0
26269,1
26270,1
26271,0
26272,0
26273,0
26274,0
26275,0
26276,1
26277,1
26278,1
26279,1
26280,1
26281,0
26282,0
26283,0
26284,1
26285,1
26286,1
26287,1
26288,1
26289,0
26290,0
26291,0
26292,0
26293,0
26294,0
26295,0
26296,0
26297,1
26298,0
26299,0
26300,0
26301,0
26302,0
26303,0
26304,1
26305,1
26306,1
26307,1
26308,0
26309,0
26310,0
26311,0
26312,0
26313,0
26314,0
26315,0
26316,0
26317,0
26318,0
26319,0
26320,0
26321,0
26322,0
26323,0
26324,1
26325,1
26326,1
26327,1
26328,1
26329,0
26330,0
26331,0
26332,0
26333,0
26334,0
26335,0
26336,0
26337,0
26338,0
26339,0
26340,0
26341,0
26342,0
26343,0
26344,0
26345,0
26346,0
26347,0
26348,0
26349,0
26350,0
26351,0
26352,0
26353,0
26354,0
26355,0
26356,0
26357,0
26358,0
26359,0
26360,1
26361,1
26362,0
26363,0
26364,0
26365,0
26366,0
26367,0
26368,0
26369,0
26370,0
26371,1
26372,0
26373,0
26374,0
26375,0
26376,0
26377,1
26378,1
26379,1
26380,1
26381,1
26382,1
26383,0
26384,0
26385,0
26386,1
26387,1
26388,1
26389,1
26390,0
26391,0
26392,0
26393,0
26394,0
26395,0
26396,0
26397,0
26398,0
26399,0
26400,0
26401,0
26402,0
26403,0
26404,0
26405,0
26406,1
26407,1
26408,1
26409,1
26410,1
26411,0
26412,0
26413,0
26414,0
26415,0
26416,0
26417,0
26418,0
26419,0
26420,0
26421,0
26422,0
26423,0
26424,0
26425,0
26426,0
26427,1
26428,1
26429,1
26430,1
26431,1
26432,0
26433,0
26434,0
26435,0
26436,0
26437,1
26438,0
26439,0
26440,0
26441,0
26442,0
26443,0
26444,0
26445,0
26446,0
26447,0
26448,0
26449,0
26450,0
26451,0
26452,0
26453,0
26454,0
26455,0
26456,0
26457,0
26458,0
26459,0
26460,0
26461,0
26462,0
26463,1
26464,1
26465,1
26466,0
26467,0
26468,0
26469,0
26470,0
26471,0
26472,0
26473,0
26474,0
26475,0
26476,0
26477,0
26478,0
26479,0
26480,1
26481,1
26482,1
26483,1
26484,1
26485,1
26486,0
26487,0
26488,0
26489,1
26490,1
26491,1
26492,1
26493,0
26494,0
26495,0
26496,0
26497,0
26498,0
26499,0
26500,0
26501,0
26502,0
26503,0
26504,0
26505,0
26506,0
26507,0
26508,0
26509,1
26510,1
26511,1
26512,1
26513,1
26514,1
26515,0
26516,0
26517,0
26518,0
26519,0
26520,0
26521,0
26522,0
26523,0
26524,0
26525,0
26526,0
26527,0
26528,0
26529,0
26530,0
26531,1
26532,1
26533,1
26534,1
26535,0
26536,0
26537,0
26538,0
26539,0
26540,0
26541,1
26542,0
26543,0
26544,0
26545,0
26546,0
26547,0
26548,0
26549,0
26550,0
26551,0
26552,0
26553,0
26554,0
26555,0
26556,0
26557,0
26558,0
26559,0
26560,0
26561,0
26562,0
26563,0
26564,0
26565,0
26566,1
26567,1
26568,1
26569,0
26570,0
26571,0
26572,0
26573,0
26574,0
26575,0
26576,0
26577,0
26578,0
26579,0
26580,0
26581,0
26582,0
26583,1
26584,1
26585,1
26586,1
26587,1
26588,1
26589,0
26590,0
26591,0
26592,1
26593,1
26594,1
26595,1
26596,1
26597,0
26598,0
26599,0
26600,0
26601,0
26602,0
26603,0
26604,0
26605,0
26606,0
26607,0
26608,0
26609,0
26610,0
26611,0
26612,0
26613,1
26614,1
26615,1
26616,1
26617,1
26618,1
26619,0
26620,0
26621,0
26622,0
26623,0
26624,0
26625,0
26626,0
26627,0
26628,0
26629,0
26630,0
26631,0
26632,0
26633,0
26634,0
26635,0
26636,1
26637,1
26638,1
26639,1
26640,1
26641,0
26642,0
26643,0
26644,0
26645,0
26646,1
26647,1
26648,1
26649,0
26650,0
26651,0
26652,0
26653,0
26654,0
26655,0
26656,0
26657,0
26658,0
26659,0
26660,0
26661,0
26662,0
26663,0
26664,0
26665,0
26666,0
26667,0
26668,0
26669,0
26670,0
26671,1
26672,1
26673,1
26674,1
26675,0
26676,0
26677,0
26678,0
26679,0
26680,0
26681,0
26682,0
26683,0
26684,0
26685,0
26686,0
26687,0
26688,1
26689,1
26690,1
26691,1
26692,1
26693,1
26694,1
26695,0
26696,0
26697,0
26698,1
26699,1
26700,1
26701,1
26702,0
26703,0
26704,0
26705,0
26706,0
26707,0
26708,0
26709,0
26710,0
26711,0
26712,0
26713,0
26714,0
26715,0
26716,0
26717,0
26718,1
26719,1
26720,1
26721,1
26722,1
26723,1
26724,1
26725,0
26726,0
26727,0
26728,0
26729,0
26730,0
26731,0
26732,0
26733,0
26734,0
26735,0
26736,0
26737,0
26738,0
26739,0
26740,0
26741,0
26742,0
26743,1
26744,1
26745,1
26746,1
26747,0
26748,0
26749,0
26750,0
26751,0
26752,0
26753,1
26754,1
26755,1
26756,0
26757,0
26758,0
26759,0
26760,0
26761,0
26762,0
26763,0
26764,0
26765,0
26766,0
26767,0
26768,0
26769,0
26770,0
26771,0
26772,0
26773,0
26774,0
26775,0
26776,1
26777,1
26778,1
26779,1
26780,1
26781,0
26782,0
26783,0
26784,0
26785,0
26786,0
26787,0
26788,0
26789,0
26790,0
26791,0
26792,0
26793,1
26794,1
26795,1
26796,1
26797,1
26798,1
26799,1
26800,0
26801,0
26802,0
26803,1
26804,1
26805,1
26806,1
26807,1
26808,0
26809,0
26810,0
26811,0
26812,0
26813,0
26814,0
26815,0
26816,0
26817,0
26818,0
26819,0
26820,0
26821,0
26822,0
26823,0
26824,1
26825,1
26826,1
26827,1
26828,1
26829,1
26830,1
26831,0
26832,0
26833,0
26834,0
26835,0
26836,0
26837,0
26838,0
26839,0
26840,0
26841,0
26842,0
26843,0
26844,0
26845,0
26846,0
26847,0
26848,0
26849,0
26850,0
26851,1
26852,1
26853,1
26854,1
26855,0
26856,0
26857,0
26858,0
26859,0
26860,1
26861,1
26862,1
26863,0
26864,0
26865,0
26866,0
26867,0
26868,0
26869,0
26870,0
26871,0
26872,0
26873,0
26874,0
26875,0
26876,0
26877,0
26878,0
26879,0
26880,0
26881,1
26882,0
26883,1
26884,1
26885,1
26886,1
26887,1
26888,0
26889,0
26890,0
26891,0
26892,0
26893,0
26894,0
26895,0
26896,0
26897,0
26898,0
26899,0
26900,0
26901,1
26902,1
26903,1
26904,1
26905,1
26906,1
26907,1
26908,0
26909,0
26910,1
26911,1
26912,1
26913,1
26914,1
26915,0
26916,0
26917,0
26918,0
26919,0
26920,0
26921,0
26922,0
26923,0
26924,0
26925,0
26926,0
26927,0
26928,0
26929,0
26930,0
26931,1
26932,1
26933,1
26934,1
26935,1
26936,1
26937,1
26938,1
26939,0
26940,0
26941,0
26942,0
26943,0
26944,0
26945,0
26946,0
26947,0
26948,0
26949,0
26950,0
26951,0
26952,0
26953,0
26954,0
26955,0
26956,0
26957,0
26958,1
26959,1
26960,1
26961,1
26962,0
26963,0
26964,0
26965,0
26966,0
26967,0
26968,1
26969,1
26970,1
26971,0
26972,0
26973,0
26974,0
26975,0
26976,0
26977,0
26978,0
26979,0
26980,0
26981,0
26982,0
26983,0
26984,0
26985,0
26986,0
26987,1
26988,1
26989,1
26990,1
26991,1
26992,1
26993,1
26994,1
26995,0
26996,0
26997,0
26998,0
26999,0
27000,0
27001,0
27002,0
27003,0
27004,0
27005,0
27006,0
27007,1
27008,1
27009,1
27010,1
27011,1
27012,1
27013,1
27014,0
27015,0
27016,0
27017,1
27018,1
27019,1
27020,1
27021,1
27022,0
27023,0
27024,0
27025,0
27026,0
27027,0
27028,0
27029,0
27030,0
27031,0
27032,0
27033,0
27034,0
27035,0
27036,0
27037,0
27038,1
27039,1
27040,1
27041,1
27042,1
27043,1
27044,1
27045,1
27046,0
27047,0
27048,0
27049,0
27050,0
27051,0
27052,0
27053,0
27054,0
27055,0
27056,1
27057,1
27058,0
27059,0
27060,0
27061,0
27062,0
27063,0
27064,0
27065,0
27066,1
27067,1
27068,1
27069,1
27070,0
27071,0
27072,0
27073,0
27074,0
27075,1
27076,1
27077,0
27078,0
27079,0
27080,0
27081,0
27082,0
27083,0
27084,0
27085,0
27086,0
27087,0
27088,0
27089,0
27090,0
27091,0
27092,0
27093,0
27094,0
27095,1
27096,1
27097,1
27098,1
27099,1
27100,1
27101,1
27102,0
27103,0
27104,0
27105,0
27106,0
27107,0
27108,0
27109,0
27110,0
27111,1
27112,0
27113,0
27114,0
27115,1
27116,1
27117,1
27118,1
27119,1
27120,1
27121,1
27122,0
27123,0
27124,1
27125,1
27126,1
27127,1
27128,1
27129,0
27130,0
27131,0
27132,0
27133,0
27134,0
27135,0
27136,0
27137,0
27138,0
27139,0
27140,0
27141,0
27142,0
27143,0
27144,0
27145,1
27146,1
27147,1
27148,1
27149,1
27150,1
27151,1
27152,1
27153,1
27154,0
27155,0
27156,0
27157,0
27158,0
27159,0
27160,0
27161,0
27162,0
27163,0
27164,1
27165,1
27166,1
27167,0
27168,0
27169,0
27170,0
27171,0
27172,0
27173,0
27174,0
27175,0
27176,1
27177,1
27178,1
27179,0
27180,0
27181,0
27182,0
27183,0
27184,0
27185,1
27186,0
27187,0
27188,0
27189,0
27190,0
27191,0
27192,0
27193,0
27194,0
27195,0
27196,0
27197,0
27198,0
27199,0
27200,0
27201,0
27202,0
27203,0
27204,1
27205,1
27206,1
27207,1
27208,1
27209,1
27210,1
27211,1
27212,0
27213,0
27214,0
27215,0
27216,0
27217,0
27218,0
27219,0
27220,0
27221,1
27222,1
27223,0
27224,0
27225,1
27226,1
27227,1
27228,1
27229,1
27230,1
27231,1
27232,0
27233,0
27234,1
27235,1
27236,1
27237,1
27238,1
27239,0
27240,0
27241,0
27242,0
27243,0
27244,0
27245,0
27246,0
27247,0
27248,0
27249,0
27250,0
27251,0
27252,0
27253,0
27254,0
27255,1
27256,1
27257,1
27258,1
27259,1
27260,1
27261,1
27262,1
27263,0
27264,0
27265,0
27266,0
27267,0
27268,0
27269,0
27270,0
27271,0
27272,0
27273,1
27274,1
27275,1
27276,1
27277,1
27278,0
27279,0
27280,0
27281,0
27282,0
27283,0
27284,0
27285,1
27286,1
27287,1
27288,1
27289,0
27290,0
27291,0
27292,0
27293,0
27294,1
27295,0
27296,0
27297,0
27298,0
27299,0
27300,0
27301,0
27302,0
27303,0
27304,0
27305,0
27306,0
27307,0
27308,0
27309,0
27310,0
27311,0
27312,0
27313,1
27314,1
27315,1
27316,1
27317,1
27318,1
27319,1
27320,1
27321,0
27322,0
27323,0
27324,0
27325,1
27326,0
27327,1
27328,0
27329,1
27330,1
27331,1
27332,0
27333,0
27334,1
27335,1
27336,1
27337,1
27338,1
27339,1
27340,0
27341,0
27342,1
27343,1
27344,1
27345,1
27346,1
27347,0
27348,0
27349,0
27350,0
27351,0
27352,0
27353,0
27354,0
27355,0
27356,0
27357,0
27358,0
27359,0
27360,0
27361,0
27362,0
27363,1
27364,1
27365,1
27366,1
27367,1
27368,1
27369,1
27370,1
27371,1
27372,0
27373,0
27374,0
27375,0
27376,0
27377,0
27378,0
27379,0
27380,0
27381,0
27382,1
27383,1
27384,1
27385,1
27386,1
27387,1
27388,0
27389,0
27390,0
27391,0
27392,0
27393,0
27394,0
27395,1
27396,1
27397,1
27398,0
27399,0
27400,0
27401,0
27402,0
27403,0
27404,0
27405,0
27406,0
27407,0
27408,0
27409,0
27410,0
27411,0
27412,0
27413,0
27414,0
27415,0
27416,0
27417,0
27418,0
27419,0
27420,0
27421,0
27422,1
27423,1
27424,1
27425,1
27426,1
27427,1
27428,1
27429,1
27430,1
27431,0
27432,0
27433,0
27434,1
27435,0
27436,0
27437,0
27438,0
27439,1
27440,1
27441,1
27442,0
27443,0
27444,1
27445,1
27446,1
27447,1
27448,1
27449,1
27450,0
27451,0
27452,1
27453,1
27454,1
27455,1
27456,1
27457,0
27458,0
27459,0
27460,0
27461,0
27462,0
27463,0
27464,0
27465,1
27466,1
27467,0
27468,0
27469,0
27470,0
27471,0
27472,0
27473,1
27474,1
27475,1
27476,1
27477,1
27478,1
27479,0
27480,0
27481,0
27482,0
27483,0
27484,0
27485,0
27486,0
27487,0
27488,0
27489,0
27490,0
27491,1
27492,1
27493,1
27494,1
27495,1
27496,1
27497,0
27498,0
27499,0
27500,0
27501,0
27502,0
27503,0
27504,0
27505,1
27506,1
27507,1
27508,0
27509,0
27510,0
27511,0
27512,0
27513,1
27514,0
27515,0
27516,0
27517,0
27518,0
27519,0
27520,0
27521,0
27522,0
27523,0
27524,0
27525,0
27526,0
27527,0
27528,0
27529,0
27530,0
27531,0
27532,1
27533,1
27534,1
27535,1
27536,1
27537,1
27538,1
27539,1
27540,1
27541,0
27542,0
27543,0
27544,1
27545,0
27546,0
27547,0
27548,1
27549,1
27550,1
27551,0
27552,0
27553,0
27554,1
27555,1
27556,1
27557,1
27558,1
27559,0
27560,0
27561,1
27562,1
27563,1
27564,1
27565,1
27566,0
27567,0
27568,0
27569,0
27570,0
27571,0
27572,0
27573,0
27574,1
27575,1
27576,0
27577,0
27578,0
27579,0
27580,0
27581,0
27582,1
27583,1
27584,1
27585,1
27586,1
27587,1
27588,0
27589,0
27590,0
27591,0
27592,0
27593,0
27594,0
27595,0
27596,0
27597,0
27598,0
27599,0
27600,0
27601,1
27602,1
27603,1
27604,1
27605,1
27606,1
27607,1
27608,0
27609,0
27610,0
27611,0
27612,0
27613,0
27614,0
27615,0
27616,1
27617,1
27618,0
27619,0
27620,0
27621,0
27622,0
27623,0
27624,0
27625,0
27626,0
27627,0
27628,0
27629,0
27630,0
27631,0
27632,0
27633,0
27634,0
27635,0
27636,0
27637,0
27638,0
27639,0
27640,0
27641,0
27642,1
27643,1
27644,1
27645,1
27646,1
27647,1
27648,1
27649,1
27650,1
27651,1
27652,0
27653,0
27654,0
27655,0
27656,0
27657,0
27658,0
27659,1
27660,1
27661,1
27662,0
27663,0
27664,0
27665,1
27666,1
27667,1
27668,1
27669,1
27670,0
27671,0
27672,1
27673,1
27674,1
27675,1
27676,1
27677,0
27678,0
27679,0
27680,0
27681,0
27682,0
27683,0
27684,1
27685,1
27686,0
27687,0
27688,0
27689,0
27690,0
27691,0
27692,0
27693,1
27694,1
27695,1
27696,1
27697,1
27698,0
27699,0
27700,0
27701,0
27702,0
27703,0
27704,0
27705,0
27706,0
27707,0
27708,0
27709,0
27710,0
27711,0
27712,1
27713,1
27714,1
27715,1
27716,1
27717,1
27718,0
27719,0
27720,0
27721,0
27722,0
27723,0
27724,0
27725,0
27726,0
27727,0
27728,1
27729,1
27730,0
27731,0
27732,0
27733,0
27734,0
27735,0
27736,0
27737,0
27738,0
27739,0
27740,0
27741,0
27742,0
27743,0
27744,0
27745,0
27746,0
27747,0
27748,0
27749,0
27750,0
27751,0
27752,0
27753,1
27754,1
27755,1
27756,1
27757,1
27758,1
27759,1
27760,1
27761,1
27762,1
27763,1
27764,0
27765,0
27766,1
27767,0
27768,0
27769,0
27770,1
27771,1
27772,1
27773,1
27774,0
27775,0
27776,1
27777,1
27778,1
27779,1
27780,1
27781,0
27782,0
27783,1
27784,1
27785,1
27786,1
27787,1
27788,0
27789,0
27790,0
27791,0
27792,0
27793,0
27794,0
27795,1
27796,1
27797,1
27798,0
27799,0
27800,0
27801,0
27802,0
27803,0
27804,1
27805,1
27806,1
27807,1
27808,1
27809,0
27810,0
27811,0
27812,0
27813,0
27814,0
27815,0
27816,0
27817,0
27818,0
27819,0
27820,0
27821,0
27822,0
27823,0
27824,1
27825,0
27826,1
27827,1
27828,1
27829,1
27830,0
27831,0
27832,0
27833,0
27834,0
27835,0
27836,0
27837,0
27838,0
27839,1
27840,1
27841,0
27842,0
27843,0
27844,0
27845,0
27846,0
27847,0
27848,0
27849,0
27850,0
27851,0
27852,0
27853,0
27854,0
27855,0
27856,0
27857,0
27858,0
27859,0
27860,0
27861,0
27862,0
27863,1
27864,1
27865,1
27866,1
27867,1
27868,1
27869,1
27870,1
27871,1
27872,1
27873,0
27874,0
27875,0
27876,0
27877,0
27878,0
27879,0
27880,1
27881,1
27882,1
27883,1
27884,0
27885,0
27886,1
27887,1
27888,1
27889,1
27890,1
27891,0
27892,0
27893,1
27894,1
27895,1
27896,1
27897,1
27898,0
27899,0
27900,0
27901,0
27902,0
27903,0
27904,1
27905,1
27906,1
27907,0
27908,0
27909,0
27910,0
27911,0
27912,0
27913,0
27914,1
27915,1
27916,1
27917,1
27918,0
27919,0
27920,0
27921,0
27922,0
27923,0
27924,0
27925,0
27926,0
27927,0
27928,0
27929,0
27930,0
27931,0
27932,0
27933,0
27934,0
27935,0
27936,0
27937,1
27938,1
27939,1
27940,0
27941,0
27942,0
27943,0
27944,0
27945,0
27946,0
27947,0
27948,0
27949,0
27950,1
27951,1
27952,1
27953,0
27954,0
27955,0
27956,0
27957,0
27958,0
27959,0
27960,0
27961,0
27962,0
27963,0
27964,0
27965,0
27966,0
27967,0
27968,0
27969,0
27970,0
27971,0
27972,0
27973,0
27974,1
27975,1
27976,1
27977,1
27978,1
27979,1
27980,1
27981,1
27982,1
27983,1
27984,1
27985,0
27986,0
27987,0
27988,0
27989,0
27990,0
27991,0
27992,1
27993,1
27994,1
27995,1
27996,0
27997,1
27998,1
27999,1
28000,1
28001,1
28002,0
28003,0
28004,1
28005,1
28006,1
28007,1
28008,1
28009,0
28010,0
28011,0
28012,0
28013,0
28014,0
28015,0
28016,1
28017,1
28018,1
28019,0
28020,0
28021,0
28022,0
28023,0
28024,0
28025,1
28026,1
28027,1
28028,1
28029,0
28030,0
28031,0
28032,0
28033,0
28034,0
28035,0
28036,0
28037,0
28038,0
28039,0
28040,0
28041,0
28042,0
28043,0
28044,0
28045,0
28046,0
28047,0
28048,0
28049,0
28050,1
28051,1
28052,1
28053,0
28054,0
28055,0
28056,0
28057,0
28058,0
28059,0
28060,0
28061,0
28062,0
28063,1
28064,1
28065,1
28066,0
28067,0
28068,0
28069,0
28070,0
28071,0
28072,0
28073,0
28074,0
28075,0
28076,0
28077,0
28078,0
28079,0
28080,0
28081,0
28082,0
28083,0
28084,0
28085,0
28086,1
28087,1
28088,1
28089,1
28090,1
28091,1
28092,1
28093,1
28094,1
28095,1
28096,1
28097,1
28098,0
28099,0
28100,0
28101,0
28102,0
28103,0
28104,0
28105,1
28106,1
28107,1
28108,1
28109,0
28110,1
28111,1
28112,1
28113,1
28114,1
28115,0
28116,0
28117,1
28118,1
28119,1
28120,1
28121,0
28122,0
28123,0
28124,0
28125,0
28126,0
28127,0
28128,1
28129,1
28130,1
28131,0
28132,0
28133,0
28134,0
28135,0
28136,0
28137,0
28138,1
28139,1
28140,1
28141,0
28142,0
28143,0
28144,0
28145,0
28146,0
28147,0
28148,0
28149,0
28150,0
28151,0
28152,0
28153,0
28154,0
28155,0
28156,0
28157,0
28158,0
28159,0
28160,0
28161,0
28162,1
28163,1
28164,0
28165,0
28166,0
28167,0
28168,0
28169,0
28170,0
28171,0
28172,0
28173,0
28174,0
28175,1
28176,1
28177,1
28178,1
28179,0
28180,0
28181,0
28182,0
28183,0
28184,0
28185,0
28186,0
28187,0
28188,0
28189,0
28190,0
28191,0
28192,0
28193,0
28194,0
28195,0
28196,0
28197,0
28198,1
28199,1
28200,1
28201,1
28202,1
28203,1
28204,1
28205,1
28206,1
28207,1
28208,1
28209,0
28210,0
28211,0
28212,0
28213,0
28214,0
28215,0
28216,0
28217,1
28218,1
28219,1
28220,0
28221,1
28222,1
28223,1
28224,1
28225,1
28226,0
28227,0
28228,0
28229,1
28230,1
28231,1
28232,0
28233,0
28234,0
28235,0
28236,0
28237,0
28238,0
28239,1
28240,1
28241,1
28242,0
28243,0
28244,0
28245,0
28246,0
28247,0
28248,0
28249,1
28250,1
28251,1
28252,0
28253,0
28254,0
28255,0
28256,0
28257,0
28258,0
28259,0
28260,0
28261,0
28262,0
28263,0
28264,0
28265,0
28266,0
28267,0
28268,0
28269,0
28270,0
28271,0
28272,0
28273,0
28274,0
28275,1
28276,1
28277,0
28278,0
28279,0
28280,0
28281,0
28282,0
28283,0
28284,0
28285,0
28286,0
28287,1
28288,1
28289,1
28290,1
28291,0
28292,0
28293,0
28294,0
28295,0
28296,0
28297,0
28298,0
28299,0
28300,0
28301,0
28302,0
28303,0
28304,0
28305,0
28306,0
28307,1
28308,1
28309,1
28310,1
28311,1
28312,1
28313,1
28314,1
28315,1
28316,1
28317,1
28318,0
28319,0
28320,0
28321,0
28322,0
28323,0
28324,0
28325,0
28326,0
28327,1
28328,1
28329,1
28330,0
28331,1
28332,1
28333,1
28334,1
28335,1
28336,0
28337,0
28338,1
28339,1
28340,1
28341,0
28342,0
28343,0
28344,0
28345,0
28346,0
28347,0
28348,1
28349,1
28350,1
28351,0
28352,0
28353,0
28354,0
28355,0
28356,0
28357,0
28358,0
28359,1
28360,1
28361,1
28362,0
28363,0
28364,0
28365,0
28366,0
28367,0
28368,0
28369,0
28370,0
28371,0
28372,0
28373,0
28374,0
28375,0
28376,0
28377,0
28378,0
28379,0
28380,0
28381,0
28382,0
28383,0
28384,0
28385,0
28386,1
28387,1
28388,0
28389,0
28390,0
28391,0
28392,0
28393,0
28394,0
28395,0
28396,0
28397,0
28398,1
28399,1
28400,1
28401,1
28402,0
28403,0
28404,0
28405,0
28406,0
28407,0
28408,0
28409,0
28410,0
28411,0
28412,0
28413,0
28414,0
28415,0
28416,0
28417,0
28418,0
28419,1
28420,1
28421,1
28422,1
28423,1
28424,1
28425,1
28426,1
28427,1
28428,0
28429,0
28430,0
28431,0
28432,0
28433,0
28434,0
28435,0
28436,0
28437,0
28438,0
28439,1
28440,1
28441,0
28442,1
28443,1
28444,1
28445,1
28446,1
28447,0
28448,0
28449,0
28450,1
28451,1
28452,1
28453,0
28454,0
28455,0
28456,0
28457,0
28458,0
28459,0
28460,1
28461,1
28462,0
28463,0
28464,0
28465,0
28466,0
28467,0
28468,0
28469,0
28470,1
28471,1
28472,1
28473,0
28474,0
28475,0
28476,0
28477,0
28478,0
28479,0
28480,0
28481,0
28482,0
28483,0
28484,0
28485,0
28486,0
28487,0
28488,0
28489,0
28490,0
28491,0
28492,0
28493,0
28494,0
28495,0
28496,0
28497,0
28498,1
28499,1
28500,0
28501,0
28502,0
28503,0
28504,0
28505,0
28506,0
28507,0
28508,0
28509,1
28510,1
28511,1
28512,1
28513,0
28514,0
28515,0
28516,0
28517,0
28518,0
28519,0
28520,0
28521,0
28522,0
28523,0
28524,0
28525,0
28526,0
28527,0
28528,0
28529,1
28530,1
28531,1
28532,1
28533,1
28534,1
28535,1
28536,1
28537,1
28538,0
28539,0
28540,0
28541,0
28542,0
28543,0
28544,0
28545,0
28546,0
28547,0
28548,0
28549,0
28550,1
28551,1
28552,0
28553,1
28554,1
28555,1
28556,1
28557,1
28558,0
28559,0
28560,0
28561,1
28562,1
28563,0
28564,0
28565,0
28566,0
28567,0
28568,0
28569,0
28570,1
28571,1
28572,0
28573,0
28574,1
28575,0
28576,0
28577,0
28578,0
28579,0
28580,0
28581,1
28582,1
28583,1
28584,0
28585,0
28586,0
28587,0
28588,0
28589,0
28590,0
28591,0
28592,0
28593,0
28594,0
28595,0
28596,0
28597,0
28598,0
28599,0
28600,0
28601,0
28602,0
28603,0
28604,0
28605,0
28606,0
28607,0
28608,0
28609,0
28610,1
28611,1
28612,0
28613,0
28614,0
28615,0
28616,0
28617,0
28618,0
28619,0
28620,1
28621,1
28622,1
28623,1
28624,1
28625,0
28626,0
28627,0
28628,0
28629,0
28630,0
28631,0
28632,0
28633,0
28634,0
28635,0
28636,0
28637,0
28638,0
28639,0
28640,1
28641,1
28642,1
28643,1
28644,1
28645,1
28646,1
28647,1
28648,1
28649,0
28650,0
28651,0
28652,0
28653,0
28654,0
28655,0
28656,0
28657,0
28658,0
28659,0
28660,0
28661,0
28662,1
28663,0
28664,1
28665,1
28666,1
28667,1
28668,1
28669,0
28670,0
28671,0
28672,1
28673,1
28674,1
28675,0
28676,0
28677,1
28678,0
28679,0
28680,0
28681,0
28682,1
28683,1
28684,0
28685,0
28686,0
28687,0
28688,0
28689,0
28690,0
28691,0
28692,1
28693,1
28694,1
28695,0
28696,0
28697,0
28698,0
28699,0
28700,0
28701,0
28702,0
28703,0
28704,0
28705,0
28706,0
28707,0
28708,0
28709,0
28710,0
28711,0
28712,0
28713,0
28714,0
28715,0
28716,0
28717,0
28718,0
28719,0
28720,0
28721,1
28722,1
28723,0
28724,0
28725,0
28726,0
28727,0
28728,0
28729,0
28730,0
28731,0
28732,1
28733,1
28734,1
28735,1
28736,0
28737,0
28738,0
28739,0
28740,0
28741,0
28742,0
28743,0
28744,0
28745,0
28746,0
28747,0
28748,0
28749,0
28750,0
28751,0
28752,0
28753,1
28754,1
28755,1
28756,1
28757,1
28758,1
28759,1
28760,1
28761,0
28762,0
28763,0
28764,0
28765,0
28766,0
28767,0
28768,0
28769,0
28770,0
28771,0
28772,0
28773,0
28774,0
28775,1
28776,0
28777,1
28778,1
28779,1
28780,1
28781,1
28782,0
28783,0
28784,0
28785,1
28786,1
28787,0
28788,0
28789,0
28790,0
28791,0
28792,0
28793,0
28794,1
28795,1
28796,0
28797,0
28798,1
28799,0
28800,0
28801,0
28802,0
28803,0
28804,0
28805,1
28806,1
28807,1
28808,0
28809,0
28810,0
28811,0
28812,0
28813,0
28814,0
28815,0
28816,0
28817,0
28818,0
28819,0
28820,0
28821,0
28822,0
28823,0
28824,0
28825,0
28826,0
28827,0
28828,0
28829,0
28830,0
28831,0
28832,0
28833,0
28834,0
28835,1
28836,0
28837,0
28838,0
28839,0
28840,0
28841,0
28842,0
28843,0
28844,1
28845,1
28846,1
28847,1
28848,1
28849,0
28850,0
28851,0
28852,0
28853,0
28854,0
28855,0
28856,0
28857,0
28858,0
28859,0
28860,0
28861,0
28862,0
28863,0
28864,1
28865,1
28866,1
28867,1
28868,1
28869,1
28870,1
28871,1
28872,0
28873,0
28874,0
28875,0
28876,0
28877,0
28878,0
28879,0
28880,0
28881,0
28882,0
28883,0
28884,0
28885,0
28886,0
28887,0
28888,1
28889,1
28890,1
28891,1
28892,1
28893,1
28894,0
28895,0
28896,1
28897,1
28898,1
28899,0
28900,0
28901,1
28902,0
28903,0
28904,0
28905,0
28906,1
28907,1
28908,0
28909,0
28910,1
28911,0
28912,0
28913,0
28914,0
28915,0
28916,1
28917,1
28918,1
28919,0
28920,0
28921,0
28922,0
28923,0
28924,0
28925,0
28926,0
28927,0
28928,0
28929,0
28930,0
28931,0
28932,0
28933,0
28934,0
28935,0
28936,0
28937,0
28938,0
28939,0
28940,0
28941,0
28942,0
28943,0
28944,0
28945,0
28946,0
28947,0
28948,1
28949,0
28950,0
28951,0
28952,0
28953,0
28954,0
28955,0
28956,0
28957,0
28958,1
28959,1
28960,1
28961,1
28962,1
28963,0
28964,0
28965,0
28966,0
28967,0
28968,0
28969,0
28970,0
28971,0
28972,0
28973,0
28974,0
28975,0
28976,0
28977,0
28978,1
28979,1
28980,1
28981,1
28982,1
28983,1
28984,1
28985,0
28986,0
28987,0
28988,0
28989,0
28990,0
28991,0
28992,0
28993,0
28994,0
28995,0
28996,0
28997,0
28998,0
28999,0
29000,0
29001,0
29002,1
29003,1
29004,1
29005,1
29006,1
29007,0
29008,0
29009,0
29010,1
29011,1
29012,0
29013,0
29014,0
29015,0
29016,0
29017,0
29018,0
29019,1
29020,1
29021,1
29022,0
29023,1
29024,1
29025,0
29026,0
29027,0
29028,0
29029,1
29030,1
29031,1
29032,1
29033,0
29034,0
29035,0
29036,0
29037,0
29038,0
29039,0
29040,0
29041,0
29042,0
29043,0
29044,0
29045,0
29046,0
29047,0
29048,0
29049,0
29050,0
29051,0
29052,0
29053,0
29054,0
29055,0
29056,0
29057,0
29058,0
29059,0
29060,1
29061,1
29062,0
29063,0
29064,0
29065,0
29066,0
29067,0
29068,0
29069,0
29070,1
29071,1
29072,1
29073,1
29074,1
29075,1
29076,0
29077,0
29078,0
29079,0
29080,0
29081,0
29082,0
29083,0
29084,0
29085,0
29086,0
29087,0
29088,0
29089,0
29090,1
29091,1
29092,1
29093,1
29094,1
29095,1
29096,1
29097,0
29098,0
29099,0
29100,0
29101,0
29102,0
29103,0
29104,0
29105,0
29106,0
29107,0
29108,0
29109,0
29110,0
29111,0
29112,0
29113,0
29114,1
29115,1
29116,1
29117,1
29118,1
29119,0
29120,0
29121,0
29122,1
29123,1
29124,1
29125,0
29126,0
29127,0
29128,0
29129,0
29130,0
29131,0
29132,1
29133,1
29134,1
29135,1
29136,1
29137,0
29138,0
29139,0
29140,0
29141,1
29142,1
29143,1
29144,1
29145,0
29146,0
29147,0
29148,0
29149,0
29150,0
29151,0
29152,0
29153,0
29154,0
29155,0
29156,0
29157,0
29158,0
29159,0
29160,0
29161,0
29162,0
29163,0
29164,0
29165,0
29166,0
29167,0
29168,0
29169,0
29170,0
29171,0
29172,0
29173,0
29174,1
29175,0
29176,0
29177,0
29178,0
29179,0
29180,0
29181,0
29182,0
29183,1
29184,1
29185,1
29186,1
29187,1
29188,1
29189,0
29190,0
29191,0
29192,0
29193,0
29194,0
29195,0
29196,0
29197,0
29198,0
29199,0
29200,0
29201,0
29202,0
29203,1
29204,1
29205,1
29206,1
29207,1
29208,1
29209,1
29210,0
29211,0
29212,0
29213,0
29214,0
29215,0
29216,0
29217,0
29218,0
29219,0
29220,0
29221,0
29222,0
29223,0
29224,0
29225,0
29226,0
29227,1
29228,1
29229,1
29230,1
29231,1
29232,0
29233,0
29234,0
29235,1
29236,1
29237,0
29238,0
29239,0
29240,0
29241,0
29242,0
29243,0
29244,1
29245,1
29246,1
29247,1
29248,1
29249,1
29250,0
29251,0
29252,0
29253,0
29254,1
29255,1
29256,1
29257,1
29258,0
29259,0
29260,0
29261,0
29262,0
29263,0
29264,0
29265,0
29266,0
29267,0
29268,0
29269,0
29270,0
29271,0
29272,0
29273,0
29274,0
29275,0
29276,0
29277,0
29278,0
29279,0
29280,0
29281,0
29282,0
29283,0
29284,0
29285,0
29286,0
29287,0
29288,0
29289,0
29290,0
29291,0
29292,0
29293,0
29294,0
29295,0
29296,1
29297,1
29298,1
29299,1
29300,1
29301,1
29302,1
29303,0
29304,0
29305,0
29306,0
29307,0
29308,0
29309,0
29310,0
29311,0
29312,0
29313,0
29314,0
29315,0
29316,0
29317,1
29318,1
29319,1
29320,1
29321,1
29322,1
29323,0
29324,0
29325,0
29326,0
29327,0
29328,0
29329,0
29330,0
29331,0
29332,0
29333,0
29334,0
29335,0
29336,0
29337,0
29338,0
29339,0
29340,1
29341,1
29342,1
29343,1
29344,1
29345,0
29346,0
29347,0
29348,1
29349,1
29350,1
29351,0
29352,0
29353,0
29354,0
29355,0
29356,0
29357,0
29358,1
29359,1
29360,1
29361,1
29362,1
29363,0
29364,0
29365,0
29366,0
29367,1
29368,1
29369,1
29370,1
29371,0
29372,0
29373,0
29374,0
29375,0
29376,0
29377,0
29378,0
29379,0
29380,0
29381,0
29382,0
29383,0
29384,0
29385,0
29386,0
29387,0
29388,0
29389,0
29390,0
29391,0
29392,0
29393,0
29394,0
29395,0
29396,0
29397,0
29398,0
29399,0
29400,0
29401,0
29402,0
29403,0
29404,0
29405,0
29406,0
29407,0
29408,0
29409,1
29410,1
29411,1
29412,1
29413,1
29414,1
29415,1
29416,0
29417,0
29418,0
29419,0
29420,0
29421,0
29422,0
29423,0
29424,0
29425,0
29426,0
29427,0
29428,0
29429,0
29430,1
29431,1
29432,1
29433,1
29434,1
29435,1
29436,0
29437,0
29438,0
29439,0
29440,0
29441,0
29442,0
29443,0
29444,0
29445,0
29446,0
29447,0
29448,0
29449,0
29450,0
29451,0
29452,0
29453,1
29454,1
29455,1
29456,1
29457,1
29458,0
29459,0
29460,0
29461,1
29462,1
29463,1
29464,0
29465,0
29466,0
29467,0
29468,0
29469,0
29470,1
29471,1
29472,1
29473,1
29474,1
29475,0
29476,0
29477,0
29478,0
29479,1
29480,1
29481,1
29482,1
29483,1
29484,0
29485,0
29486,0
29487,0
29488,0
29489,0
29490,0
29491,0
29492,0
29493,0
29494,0
29495,0
29496,0
29497,0
29498,0
29499,0
29500,0
29501,0
29502,0
29503,0
29504,0
29505,0
29506,0
29507,0
29508,0
29509,0
29510,0
29511,0
29512,0
29513,1
29514,0
29515,0
29516,0
29517,0
29518,0
29519,0
29520,0
29521,0
29522,0
29523,0
29524,0
29525,1
29526,1
29527,1
29528,1
29529,1
29530,1
29531,1
29532,1
29533,1
29534,0
29535,0
29536,0
29537,0
29538,0
29539,0
29540,0
29541,0
29542,0
29543,0
29544,0
29545,0
29546,0
29547,1
29548,1
29549,1
29550,1
29551,1
29552,0
29553,0
29554,0
29555,0
29556,0
29557,0
29558,0
29559,0
29560,0
29561,0
29562,0
29563,0
29564,0
29565,0
29566,0
29567,0
29568,0
29569,1
29570,1
29571,1
29572,1
29573,1
29574,1
29575,0
29576,0
29577,1
29578,1
29579,1
29580,1
29581,0
29582,0
29583,0
29584,0
29585,0
29586,0
29587,1
29588,1
29589,1
29590,1
29591,0
29592,0
29593,0
29594,0
29595,1
29596,1
29597,1
29598,1
29599,1
29600,0
29601,0
29602,0
29603,0
29604,0
29605,0
29606,0
29607,0
29608,0
29609,0
29610,0
29611,0
29612,0
29613,0
29614,0
29615,0
29616,0
29617,0
29618,0
29619,0
29620,0
29621,0
29622,0
29623,0
29624,0
29625,0
29626,0
29627,0
29628,0
29629,0
29630,0
29631,0
29632,0
29633,0
29634,0
29635,0
29636,0
29637,0
29638,0
29639,0
29640,0
29641,0
29642,0
29643,0
29644,0
29645,0
29646,0
29647,1
29648,1
29649,1
29650,1
29651,1
29652,1
29653,1
29654,1
29655,1
29656,0
29657,0
29658,0
29659,0
29660,0
29661,0
29662,0
29663,0
29664,0
29665,0
29666,0
29667,0
29668,1
29669,1
29670,1
29671,1
29672,1
29673,0
29674,0
29675,0
29676,0
29677,0
29678,0
29679,0
29680,0
29681,0
29682,0
29683,0
29684,0
29685,0
29686,1
29687,0
29688,0
29689,0
29690,1
29691,1
29692,1
29693,1
29694,1
29695,1
29696,0
29697,1
29698,1
29699,1
29700,1
29701,1
29702,0
29703,0
29704,0
29705,0
29706,0
29707,1
29708,1
29709,1
29710,1
29711,1
29712,0
29713,0
29714,0
29715,1
29716,1
29717,1
29718,1
29719,1
29720,1
29721,0
29722,0
29723,0
29724,1
29725,0
29726,0
29727,0
29728,0
29729,0
29730,0
29731,0
29732,0
29733,0
29734,0
29735,0
29736,0
29737,0
29738,0
29739,0
29740,0
29741,0
29742,0
29743,0
29744,0
29745,0
29746,0
29747,0
29748,0
29749,0
29750,0
29751,1
29752,0
29753,0
29754,0
29755,0
29756,0
29757,0
29758,0
29759,0
29760,0
29761,0
29762,0
29763,0
29764,0
29765,0
29766,0
29767,0
29768,0
29769,1
29770,1
29771,1
29772,1
29773,1
29774,1
29775,1
29776,1
29777,1
29778,0
29779,0
29780,0
29781,0
29782,0
29783,0
29784,0
29785,0
29786,0
29787,0
29788,0
29789,0
29790,1
29791,1
29792,1
29793,1
29794,0
29795,0
29796,0
29797,0
29798,0
29799,0
29800,0
29801,0
29802,0
29803,0
29804,0
29805,0
29806,0
29807,1
29808,0
29809,0
29810,0
29811,1
29812,1
29813,1
29814,1
29815,1
29816,1
29817,1
29818,1
29819,1
29820,1
29821,1
29822,1
29823,0
29824,0
29825,0
29826,0
29827,0
29828,0
29829,1
29830,1
29831,1
29832,1
29833,0
29834,0
29835,0
29836,1
29837,1
29838,1
29839,1
29840,1
29841,1
29842,0
29843,0
29844,0
29845,0
29846,0
29847,0
29848,0
29849,0
29850,0
29851,0
29852,0
29853,0
29854,0
29855,0
29856,0
29857,0
29858,0
29859,0
29860,0
29861,0
29862,0
29863,0
29864,0
29865,0
29866,0
29867,0
29868,0
29869,0
29870,0
29871,0
29872,0
29873,1
29874,0
29875,0
29876,0
29877,0
29878,0
29879,0
29880,0
29881,0
29882,0
29883,0
29884,0
29885,0
29886,0
29887,0
29888,0
29889,0
29890,0
29891,1
29892,1
29893,1
29894,1
29895,1
29896,1
29897,1
29898,1
29899,1
29900,0
29901,0
29902,0
29903,0
29904,0
29905,0
29906,0
29907,0
29908,0
29909,0
29910,0
29911,0
29912,1
29913,1
29914,1
29915,1
29916,1
29917,0
29918,0
29919,0
29920,0
29921,0
29922,0
29923,0
29924,0
29925,0
29926,0
29927,0
29928,0
29929,0
29930,0
29931,0
29932,0
29933,0
29934,1
29935,1
29936,1
29937,1
29938,1
29939,1
29940,1
29941,1
29942,1
29943,1
29944,1
29945,1
29946,0
29947,0
29948,0
29949,0
29950,0
29951,0
29952,1
29953,1
29954,1
29955,1
29956,0
29957,1
29958,1
29959,1
29960,1
29961,1
29962,1
29963,1
29964,1
29965,0
29966,0
29967,0
29968,1
29969,0
29970,0
29971,0
29972,0
29973,0
29974,0
29975,0
29976,0
29977,0
29978,0
29979,0
29980,0
29981,0
29982,0
29983,0
29984,0
29985,0
29986,0
29987,0
29988,0
29989,0
29990,0
29991,0
29992,0
29993,0
29994,0
29995,0
29996,1
29997,0
29998,0
29999,0
30000,0
30001,0
30002,0
30003,0
30004,0
30005,0
30006,0
30007,0
30008,0
30009,0
30010,0
30011,0
30012,0
30013,0
30014,0
30015,1
30016,1
30017,1
30018,1
30019,1
30020,1
30021,1
30022,1
30023,1
30024,0
30025,0
30026,0
30027,0
30028,0
30029,0
30030,0
30031,0
30032,0
30033,0
30034,0
30035,0
30036,1
30037,1
30038,1
30039,0
30040,0
30041,0
30042,0
30043,0
30044,0
30045,0
30046,0
30047,0
30048,0
30049,0
30050,0
30051,0
30052,0
30053,0
30054,0
30055,0
30056,0
30057,1
30058,1
30059,1
30060,1
30061,1
30062,1
30063,1
30064,1
30065,1
30066,1
30067,1
30068,1
30069,0
30070,0
30071,0
30072,0
30073,0
30074,0
30075,1
30076,1
30077,1
30078,1
30079,1
30080,1
30081,1
30082,1
30083,1
30084,1
30085,1
30086,1
30087,1
30088,0
30089,0
30090,0
30091,0
30092,1
30093,0
30094,0
30095,0
30096,0
30097,0
30098,0
30099,0
30100,0
30101,0
30102,0
30103,0
30104,0
30105,0
30106,0
30107,0
30108,0
30109,0
30110,0
30111,0
30112,0
30113,0
30114,0
30115,0
30116,0
30117,0
30118,0
30119,1
30120,1
30121,0
30122,0
30123,0
30124,0
30125,0
30126,0
30127,0
30128,0
30129,0
30130,0
30131,0
30132,0
30133,0
30134,0
30135,0
30136,0
30137,0
30138,0
30139,1
30140,1
30141,1
30142,1
30143,1
30144,1
30145,1
30146,1
30147,0
30148,0
30149,0
30150,0
30151,0
30152,0
30153,0
30154,0
30155,0
30156,0
30157,0
30158,0
30159,1
30160,1
30161,0
30162,0
30163,0
30164,0
30165,0
30166,0
30167,0
30168,0
30169,0
30170,0
30171,0
30172,0
30173,0
30174,0
30175,0
30176,0
30177,0
30178,0
30179,0
30180,1
30181,1
30182,1
30183,1
30184,1
30185,1
30186,1
30187,1
30188,1
30189,1
30190,1
30191,0
30192,0
30193,0
30194,0
30195,0
30196,0
30197,0
30198,1
30199,1
30200,1
30201,1
30202,1
30203,1
30204,1
30205,1
30206,1
30207,1
30208,1
30209,1
30210,1
30211,0
30212,0
30213,0
30214,0
30215,0
30216,0
30217,0
30218,0
30219,0
30220,0
30221,0
30222,0
30223,0
30224,0
30225,0
30226,0
30227,0
30228,0
30229,0
30230,0
30231,0
30232,0
30233,0
30234,0
30235,0
30236,0
30237,0
30238,0
30239,0
30240,0
30241,0
30242,0
30243,1
30244,1
30245,0
30246,0
30247,0
30248,0
30249,0
30250,0
30251,0
30252,0
30253,0
30254,0
30255,0
30256,0
30257,0
30258,0
30259,0
30260,0
30261,0
30262,1
30263,1
30264,1
30265,1
30266,1
30267,1
30268,1
30269,1
30270,1
30271,0
30272,0
30273,0
30274,0
30275,0
30276,0
30277,0
30278,0
30279,0
30280,0
30281,0
30282,0
30283,0
30284,0
30285,0
30286,0
30287,0
30288,0
30289,0
30290,0
30291,0
30292,0
30293,0
30294,0
30295,0
30296,0
30297,0
30298,0
30299,0
30300,0
30301,0
30302,0
30303,1
30304,1
30305,1
30306,1
30307,1
30308,1
30309,1
30310,1
30311,1
30312,1
30313,1
30314,0
30315,0
30316,0
30317,0
30318,0
30319,0
30320,0
30321,0
30322,1
30323,1
30324,1
30325,1
30326,1
30327,1
30328,1
30329,1
30330,1
30331,1
30332,1
30333,1
30334,0
30335,0
30336,0
30337,0
30338,0
30339,0
30340,0
30341,0
30342,0
30343,0
30344,0
30345,0
30346,0
30347,0
30348,0
30349,0
30350,0
30351,0
30352,0
30353,0
30354,0
30355,0
30356,0
30357,0
30358,0
30359,0
30360,0
30361,0
30362,0
30363,0
30364,0
30365,1
30366,1
30367,0
30368,0
30369,0
30370,0
30371,0
30372,0
30373,0
30374,0
30375,0
30376,0
30377,0
30378,0
30379,0
30380,0
30381,0
30382,0
30383,0
30384,0
30385,1
30386,1
30387,1
30388,1
30389,1
30390,1
30391,1
30392,1
30393,1
30394,0
30395,0
30396,0
30397,0
30398,0
30399,0
30400,0
30401,0
30402,0
30403,0
30404,0
30405,0
30406,0
30407,0
30408,0
30409,0
30410,0
30411,0
30412,0
30413,0
30414,0
30415,0
30416,0
30417,0
30418,0
30419,0
30420,0
30421,0
30422,0
30423,0
30424,0
30425,1
30426,1
30427,1
30428,1
30429,1
30430,1
30431,1
30432,1
30433,1
30434,1
30435,0
30436,0
30437,0
30438,0
30439,0
30440,0
30441,0
30442,0
30443,0
30444,1
30445,1
30446,1
30447,1
30448,1
30449,1
30450,1
30451,1
30452,1
30453,1
30454,1
30455,1
30456,0
30457,0
30458,0
30459,0
30460,0
30461,0
30462,0
30463,0
30464,0
30465,0
30466,0
30467,0
30468,0
30469,0
30470,0
30471,0
30472,0
30473,0
30474,0
30475,0
30476,0
30477,0
30478,0
30479,0
30480,1
30481,0
30482,0
30483,0
30484,0
30485,0
30486,0
30487,1
30488,1
30489,0
30490,0
30491,0
30492,0
30493,0
30494,0
30495,0
30496,0
30497,0
30498,0
30499,0
30500,0
30501,0
30502,0
30503,0
30504,0
30505,0
30506,0
30507,0
30508,1
30509,1
30510,1
30511,1
30512,1
30513,1
30514,1
30515,1
30516,1
30517,0
30518,0
30519,0
30520,0
30521,0
30522,0
30523,0
30524,0
30525,0
30526,0
30527,0
30528,0
30529,0
30530,0
30531,0
30532,0
30533,0
30534,0
30535,0
30536,0
30537,0
30538,0
30539,0
30540,0
30541,0
30542,0
30543,0
30544,0
30545,0
30546,0
30547,0
30548,1
30549,1
30550,1
30551,1
30552,1
30553,1
30554,1
30555,1
30556,1
30557,1
30558,0
30559,0
30560,0
30561,0
30562,0
30563,0
30564,0
30565,0
30566,0
30567,0
30568,1
30569,1
30570,1
30571,1
30572,1
30573,1
30574,1
30575,1
30576,1
30577,1
30578,1
30579,1
30580,0
30581,0
30582,0
30583,0
30584,0
30585,0
30586,0
30587,0
30588,0
30589,0
30590,0
30591,0
30592,0
30593,0
30594,0
30595,0
30596,0
30597,0
30598,0
30599,0
30600,0
30601,0
30602,0
30603,0
30604,0
30605,0
30606,0
30607,0
30608,0
30609,0
30610,0
30611,0
30612,1
30613,0
30614,0
30615,0
30616,0
30617,0
30618,0
30619,0
30620,0
30621,0
30622,0
30623,0
30624,0
30625,0
30626,0
30627,0
30628,0
30629,0
30630,0
30631,0
30632,1
30633,1
30634,1
30635,0
30636,0
30637,1
30638,0
30639,1
30640,0
30641,0
30642,0
30643,0
30644,0
30645,0
30646,0
30647,0
30648,0
30649,0
30650,0
30651,0
30652,0
30653,0
30654,0
30655,0
30656,0
30657,0
30658,0
30659,0
30660,0
30661,0
30662,0
30663,1
30664,0
30665,0
30666,0
30667,0
30668,0
30669,0
30670,0
30671,1
30672,1
30673,1
30674,1
30675,1
30676,1
30677,1
30678,1
30679,1
30680,0
30681,0
30682,0
30683,0
30684,0
30685,0
30686,0
30687,0
30688,0
30689,0
30690,0
30691,1
30692,1
30693,1
30694,1
30695,1
30696,1
30697,1
30698,1
30699,1
30700,1
30701,1
30702,1
30703,0
30704,0
30705,0
30706,0
30707,0
30708,0
30709,0
30710,0
30711,0
30712,0
30713,0
30714,0
30715,0
30716,0
30717,0
30718,0
30719,0
30720,0
30721,0
30722,0
30723,0
30724,0
30725,0
30726,0
30727,0
30728,0
30729,0
30730,0
30731,0
30732,0
30733,1
30734,1
30735,0
30736,0
30737,0
30738,0
30739,0
30740,0
30741,0
30742,0
30743,0
30744,0
30745,0
30746,0
30747,0
30748,0
30749,0
30750,0
30751,0
30752,0
30753,0
30754,1
30755,1
30756,0
30757,0
30758,0
30759,0
30760,0
30761,0
30762,0
30763,0
30764,0
30765,0
30766,0
30767,0
30768,0
30769,0
30770,0
30771,0
30772,0
30773,0
30774,0
30775,0
30776,0
30777,0
30778,0
30779,0
30780,0
30781,0
30782,0
30783,1
30784,1
30785,0
30786,0
30787,0
30788,0
30789,0
30790,0
30791,1
30792,0
30793,1
30794,1
30795,1
30796,1
30797,1
30798,1
30799,1
30800,0
30801,0
30802,0
30803,0
30804,0
30805,0
30806,0
30807,1
30808,0
30809,0
30810,0
30811,0
30812,1
30813,1
30814,1
30815,1
30816,1
30817,1
30818,1
30819,1
30820,1
30821,1
30822,1
30823,1
30824,0
30825,0
30826,0
30827,0
30828,0
30829,0
30830,0
30831,0
30832,0
30833,0
30834,0
30835,0
30836,0
30837,0
30838,0
30839,0
30840,0
30841,0
30842,0
30843,0
30844,0
30845,0
30846,0
30847,0
30848,0
30849,0
30850,0
30851,0
30852,0
30853,0
30854,0
30855,1
30856,1
30857,0
30858,0
30859,0
30860,0
30861,0
30862,0
30863,0
30864,0
30865,0
30866,0
30867,0
30868,0
30869,0
30870,0
30871,0
30872,0
30873,0
30874,0
30875,0
30876,1
30877,0
30878,0
30879,0
30880,0
30881,0
30882,0
30883,0
30884,0
30885,0
30886,0
30887,0
30888,0
30889,0
30890,0
30891,0
30892,0
30893,0
30894,0
30895,0
30896,0
30897,0
30898,0
30899,0
30900,0
30901,0
30902,0
30903,0
30904,0
30905,1
30906,0
30907,0
30908,0
30909,0
30910,0
30911,0
30912,0
30913,0
30914,0
30915,1
30916,1
30917,1
30918,1
30919,1
30920,1
30921,0
30922,0
30923,0
30924,0
30925,0
30926,0
30927,0
30928,0
30929,1
30930,0
30931,0
30932,0
30933,0
30934,1
30935,1
30936,1
30937,1
30938,1
30939,1
30940,1
30941,1
30942,1
30943,1
30944,1
30945,1
30946,0
30947,0
30948,0
30949,0
30950,0
30951,0
30952,0
30953,0
30954,0
30955,0
30956,0
30957,0
30958,0
30959,0
30960,0
30961,0
30962,0
30963,0
30964,0
30965,0
30966,0
30967,0
30968,0
30969,0
30970,0
30971,0
30972,0
30973,0
30974,0
30975,0
30976,1
30977,1
30978,0
30979,0
30980,0
30981,0
30982,0
30983,0
30984,0
30985,0
30986,0
30987,0
30988,0
30989,0
30990,0
30991,0
30992,0
30993,0
30994,0
30995,0
30996,0
30997,0
30998,0
30999,0
31000,0
31001,0
31002,0
31003,0
31004,0
31005,0
31006,0
31007,0
31008,0
31009,0
31010,0
31011,0
31012,0
31013,0
31014,0
31015,0
31016,0
31017,0
31018,0
31019,0
31020,0
31021,0
31022,0
31023,0
31024,0
31025,0
31026,0
31027,0
31028,0
31029,0
31030,0
31031,0
31032,0
31033,0
31034,0
31035,0
31036,0
31037,1
31038,1
31039,1
31040,0
31041,0
31042,0
31043,0
31044,0
31045,0
31046,0
31047,0
31048,0
31049,0
31050,1
31051,0
31052,0
31053,0
31054,0
31055,1
31056,1
31057,1
31058,1
31059,1
31060,1
31061,1
31062,1
31063,1
31064,1
31065,1
31066,1
31067,0
31068,0
31069,0
31070,0
31071,0
31072,0
31073,0
31074,0
31075,0
31076,0
31077,0
31078,0
31079,0
31080,0
31081,0
31082,0
31083,0
31084,0
31085,0
31086,0
31087,0
31088,0
31089,0
31090,0
31091,0
31092,0
31093,0
31094,0
31095,0
31096,0
31097,1
31098,1
31099,0
31100,0
31101,0
31102,0
31103,0
31104,0
31105,0
31106,0
31107,0
31108,0
31109,0
31110,0
31111,0
31112,0
31113,0
31114,0
31115,0
31116,0
31117,0
31118,0
31119,0
31120,0
31121,0
31122,0
31123,0
31124,0
31125,0
31126,0
31127,0
31128,0
31129,0
31130,0
31131,0
31132,0
31133,0
31134,0
31135,0
31136,0
31137,0
31138,0
31139,0
31140,0
31141,0
31142,0
31143,0
31144,0
31145,0
31146,0
31147,0
31148,0
31149,0
31150,0
31151,0
31152,0
31153,0
31154,0
31155,0
31156,0
31157,1
31158,1
31159,0
31160,0
31161,0
31162,0
31163,0
31164,0
31165,0
31166,0
31167,0
31168,0
31169,1
31170,1
31171,0
31172,0
31173,0
31174,0
31175,1
31176,1
31177,1
31178,1
31179,1
31180,1
31181,1
31182,1
31183,1
31184,1
31185,1
31186,1
31187,0
31188,0
31189,0
31190,0
31191,0
31192,0
31193,0
31194,0
31195,0
31196,0
31197,0
31198,0
31199,0
31200,0
31201,0
31202,0
31203,0
31204,0
31205,0
31206,0
31207,0
31208,0
31209,0
31210,0
31211,0
31212,0
31213,0
31214,0
31215,0
31216,1
31217,1
31218,1
31219,0
31220,0
31221,0
31222,0
31223,0
31224,0
31225,0
31226,0
31227,0
31228,0
31229,0
31230,0
31231,0
31232,0
31233,0
31234,0
31235,0
31236,0
31237,0
31238,0
31239,0
31240,0
31241,0
31242,0
31243,0
31244,0
31245,0
31246,0
31247,0
31248,0
31249,0
31250,0
31251,0
31252,0
31253,0
31254,0
31255,0
31256,0
31257,0
31258,0
31259,0
31260,0
31261,0
31262,0
31263,0
31264,0
31265,0
31266,0
31267,0
31268,0
31269,0
31270,0
31271,0
31272,0
31273,0
31274,0
31275,0
31276,0
31277,0
31278,0
31279,0
31280,0
31281,0
31282,0
31283,0
31284,0
31285,0
31286,0
31287,0
31288,1
31289,1
31290,0
31291,0
31292,0
31293,0
31294,1
31295,1
31296,1
31297,1
31298,1
31299,1
31300,1
31301,1
31302,1
31303,1
31304,1
31305,0
31306,0
31307,0
31308,0
31309,0
31310,0
31311,0
31312,0
31313,0
31314,0
31315,0
31316,0
31317,0
31318,0
31319,0
31320,0
31321,0
31322,0
31323,0
31324,0
31325,0
31326,0
31327,0
31328,0
31329,0
31330,0
31331,0
31332,0
31333,0
31334,0
31335,1
31336,1
31337,1
31338,0
31339,0
31340,0
31341,0
31342,0
31343,0
31344,0
31345,0
31346,0
31347,0
31348,0
31349,0
31350,0
31351,0
31352,0
31353,0
31354,0
31355,0
31356,0
31357,0
31358,0
31359,0
31360,0
31361,0
31362,0
31363,0
31364,0
31365,0
31366,0
31367,0
31368,0
31369,0
31370,0
31371,0
31372,0
31373,0
31374,0
31375,0
31376,0
31377,0
31378,0
31379,0
31380,0
31381,0
31382,0
31383,0
31384,0
31385,0
31386,0
31387,0
31388,0
31389,0
31390,0
31391,0
31392,0
31393,0
31394,0
31395,0
31396,0
31397,0
31398,0
31399,0
31400,0
31401,0
31402,0
31403,0
31404,0
31405,1
31406,1
31407,0
31408,0
31409,0
31410,0
31411,0
31412,1
31413,1
31414,1
31415,1
31416,1
31417,1
31418,1
31419,1
31420,1
31421,1
31422,1
31423,0
31424,0
31425,0
31426,0
31427,0
31428,0
31429,0
31430,0
31431,0
31432,0
31433,0
31434,0
31435,0
31436,0
31437,0
31438,0
31439,0
31440,0
31441,0
31442,0
31443,0
31444,0
31445,0
31446,0
31447,0
31448,0
31449,0
31450,0
31451,0
31452,1
31453,1
31454,1
31455,1
31456,0
31457,0
31458,0
31459,0
31460,0
31461,0
31462,0
31463,0
31464,0
31465,0
31466,0
31467,0
31468,0
31469,0
31470,0
31471,0
31472,0
31473,0
31474,0
31475,0
31476,0
31477,0
31478,0
31479,0
31480,0
31481,0
31482,0
31483,0
31484,0
31485,0
31486,0
31487,0
31488,0
31489,0
31490,0
31491,0
31492,0
31493,0
31494,0
31495,0
31496,0
31497,0
31498,0
31499,0
31500,0
31501,0
31502,0
31503,0
31504,0
31505,0
31506,0
31507,0
31508,0
31509,0
31510,0
31511,0
31512,0
31513,0
31514,0
31515,0
31516,0
31517,0
31518,0
31519,0
31520,0
31521,0
31522,1
31523,1
31524,0
31525,0
31526,0
31527,0
31528,0
31529,1
31530,1
31531,1
31532,1
31533,1
31534,1
31535,1
31536,1
31537,1
31538,1
31539,0
31540,0
31541,0
31542,0
31543,0
31544,0
31545,0
31546,0
31547,0
31548,0
31549,0
31550,0
31551,0
31552,0
31553,0
31554,0
31555,0
31556,0
31557,0
31558,0
31559,0
31560,0
31561,0
31562,0
31563,0
31564,0
31565,0
31566,0
31567,0
31568,1
31569,1
31570,1
31571,0
31572,0
31573,0
31574,0
31575,0
31576,0
31577,0
31578,0
31579,0
31580,0
31581,0
31582,0
31583,0
31584,0
31585,0
31586,0
31587,0
31588,0
31589,0
31590,0
31591,0
31592,0
31593,0
31594,0
31595,0
31596,0
31597,0
31598,0
31599,0
31600,0
31601,0
31602,0
31603,0
31604,0
31605,0
31606,0
31607,0
31608,0
31609,0
31610,0
31611,0
31612,0
31613,0
31614,0
31615,0
31616,0
31617,0
31618,0
31619,0
31620,0
31621,0
31622,0
31623,0
31624,0
31625,0
31626,0
31627,0
31628,0
31629,0
31630,0
31631,0
31632,0
31633,0
31634,1
31635,1
31636,0
31637,0
31638,0
31639,0
31640,0
31641,0
31642,1
31643,1
31644,1
31645,1
31646,1
31647,1
31648,1
31649,1
31650,1
31651,1
31652,0
31653,1
31654,0
31655,0
31656,0
31657,0
31658,0
31659,0
31660,0
31661,0
31662,0
31663,0
31664,0
31665,0
31666,0
31667,0
31668,0
31669,0
31670,0
31671,0
31672,0
31673,0
31674,0
31675,0
31676,0
31677,1
31678,0
31679,0
31680,0
31681,0
31682,1
31683,1
31684,0
31685,0
31686,0
31687,0
31688,0
31689,0
31690,0
31691,0
31692,0
31693,0
31694,0
31695,0
31696,0
31697,0
31698,0
31699,0
31700,0
31701,0
31702,0
31703,0
31704,0
31705,0
31706,0
31707,0
31708,0
31709,0
31710,0
31711,0
31712,0
31713,0
31714,0
31715,0
31716,0
31717,0
31718,0
31719,0
31720,0
31721,0
31722,0
31723,0
31724,0
31725,0
31726,0
31727,0
31728,0
31729,0
31730,0
31731,0
31732,0
31733,0
31734,0
31735,0
31736,0
31737,0
31738,0
31739,0
31740,0
31741,0
31742,0
31743,0
31744,1
31745,0
31746,0
31747,0
31748,0
31749,0
31750,0
31751,0
31752,0
31753,0
31754,1
31755,1
31756,1
31757,1
31758,1
31759,1
31760,1
31761,1
31762,1
31763,0
31764,0
31765,0
31766,0
31767,0
31768,0
31769,0
31770,0
31771,0
31772,0
31773,0
31774,0
31775,0
31776,0
31777,0
31778,0
31779,0
31780,0
31781,0
31782,0
31783,0
31784,0
31785,0
31786,0
31787,0
31788,1
31789,0
31790,0
31791,0
31792,0
31793,1
31794,1
31795,0
31796,0
31797,0
31798,0
31799,0
31800,0
31801,0
31802,0
31803,0
31804,0
31805,0
31806,0
31807,0
31808,0
31809,0
31810,0
31811,0
31812,0
31813,0
31814,0
31815,0
31816,0
31817,0
31818,0
31819,0
31820,0
31821,0
31822,1
31823,0
31824,0
31825,0
31826,0
31827,0
31828,0
31829,0
31830,0
31831,0
31832,0
31833,0
31834,0
31835,0
31836,0
31837,0
31838,0
31839,0
31840,0
31841,0
31842,0
31843,0
31844,0
31845,0
31846,0
31847,0
31848,0
31849,0
31850,0
31851,0
31852,0
31853,0
31854,0
31855,0
31856,0
31857,0
31858,0
31859,0
31860,0
31861,1
31862,1
31863,1
31864,1
31865,1
31866,1
31867,1
31868,1
31869,1
31870,0
31871,0
31872,0
31873,1
31874,0
31875,0
31876,0
31877,0
31878,0
31879,0
31880,0
31881,0
31882,0
31883,0
31884,0
31885,0
31886,0
31887,0
31888,0
31889,0
31890,0
31891,0
31892,0
31893,0
31894,1
31895,0
31896,0
31897,0
31898,0
31899,1
31900,0
31901,0
31902,0
31903,0
31904,0
31905,0
31906,0
31907,0
31908,0
31909,0
31910,0
31911,0
31912,0
31913,0
31914,0
31915,0
31916,0
31917,0
31918,0
31919,0
31920,0
31921,0
31922,0
31923,0
31924,0
31925,0
31926,0
31927,1
31928,0
31929,0
31930,0
31931,0
31932,0
31933,0
31934,0
31935,0
31936,0
31937,0
31938,0
31939,0
31940,0
31941,0
31942,0
31943,0
31944,0
31945,0
31946,0
31947,0
31948,0
31949,0
31950,0
31951,0
31952,0
31953,0
31954,0
31955,0
31956,0
31957,0
31958,0
31959,0
31960,0
31961,0
31962,0
31963,0
31964,0
31965,0
31966,0
31967,1
31968,1
31969,1
31970,1
31971,1
31972,1
31973,1
31974,1
31975,0
31976,0
31977,0
31978,0
31979,0
31980,0
31981,0
31982,0
31983,0
31984,0
31985,0
31986,0
31987,0
31988,0
31989,0
31990,0
31991,0
31992,0
31993,0
31994,0
31995,0
31996,0
31997,0
31998,0
31999,0
32000,1
32001,0
32002,0
32003,0
32004,0
32005,0
32006,1
32007,0
32008,0
32009,0
32010,0
32011,0
32012,0
32013,0
32014,0
32015,0
32016,0
32017,0
32018,0
32019,0
32020,0
32021,0
32022,0
32023,0
32024,0
32025,0
32026,0
32027,0
32028,0
32029,0
32030,0
32031,0
32032,0
32033,1
32034,1
32035,0
32036,0
32037,0
32038,0
32039,0
32040,0
32041,0
32042,0
32043,0
32044,0
32045,0
32046,0
32047,0
32048,0
32049,0
32050,0
32051,0
32052,0
32053,0
32054,0
32055,0
32056,0
32057,0
32058,0
32059,0
32060,0
32061,0
32062,0
32063,0
32064,0
32065,1
32066,0
32067,0
32068,0
32069,0
32070,0
32071,0
32072,0
32073,1
32074,1
32075,1
32076,1
32077,1
32078,1
32079,1
32080,1
32081,1
32082,0
32083,0
32084,0
32085,0
32086,0
32087,0
32088,0
32089,0
32090,0
32091,0
32092,0
32093,0
32094,0
32095,0
32096,0
32097,0
32098,0
32099,0
32100,0
32101,0
32102,0
32103,0
32104,0
32105,0
32106,1
32107,0
32108,0
32109,0
32110,0
32111,1
32112,0
32113,0
32114,0
32115,0
32116,0
32117,0
32118,0
32119,0
32120,0
32121,0
32122,0
32123,0
32124,0
32125,0
32126,0
32127,0
32128,0
32129,0
32130,0
32131,0
32132,0
32133,0
32134,0
32135,0
32136,0
32137,0
32138,0
32139,1
32140,1
32141,0
32142,0
32143,0
32144,0
32145,0
32146,0
32147,0
32148,0
32149,0
32150,0
32151,0
32152,0
32153,0
32154,0
32155,0
32156,0
32157,0
32158,0
32159,0
32160,0
32161,0
32162,0
32163,0
32164,1
32165,0
32166,0
32167,0
32168,0
32169,0
32170,1
32171,1
32172,0
32173,0
32174,0
32175,0
32176,0
32177,0
32178,0
32179,1
32180,1
32181,1
32182,1
32183,1
32184,1
32185,1
32186,1
32187,0
32188,1
32189,0
32190,0
32191,0
32192,0
32193,0
32194,0
32195,0
32196,0
32197,0
32198,0
32199,0
32200,0
32201,0
32202,0
32203,0
32204,0
32205,0
32206,0
32207,0
32208,0
32209,0
32210,0
32211,1
32212,1
32213,0
32214,0
32215,0
32216,0
32217,0
32218,0
32219,0
32220,0
32221,0
32222,0
32223,0
32224,0
32225,0
32226,0
32227,0
32228,0
32229,0
32230,0
32231,0
32232,0
32233,0
32234,0
32235,0
32236,0
32237,0
32238,0
32239,0
32240,0
32241,0
32242,0
32243,0
32244,0
32245,1
32246,1
32247,0
32248,0
32249,0
32250,0
32251,0
32252,0
32253,0
32254,0
32255,0
32256,0
32257,0
32258,0
32259,0
32260,0
32261,0
32262,0
32263,0
32264,0
32265,0
32266,0
32267,1
32268,1
32269,1
32270,1
32271,1
32272,0
32273,0
32274,0
32275,1
32276,1
32277,1
32278,0
32279,0
32280,0
32281,0
32282,0
32283,0
32284,1
32285,1
32286,1
32287,1
32288,1
32289,1
32290,1
32291,1
32292,0
32293,0
32294,0
32295,0
32296,0
32297,0
32298,0
32299,0
32300,0
32301,0
32302,0
32303,0
32304,0
32305,0
32306,0
32307,0
32308,0
32309,0
32310,0
32311,0
32312,0
32313,0
32314,0
32315,0
32316,0
32317,1
32318,0
32319,0
32320,0
32321,0
32322,0
32323,0
32324,0
32325,0
32326,0
32327,0
32328,0
32329,0
32330,0
32331,0
32332,0
32333,0
32334,0
32335,0
32336,0
32337,1
32338,0
32339,0
32340,0
32341,0
32342,0
32343,0
32344,0
32345,0
32346,0
32347,0
32348,0
32349,1
32350,1
32351,1
32352,0
32353,0
32354,0
32355,0
32356,0
32357,0
32358,0
32359,0
32360,0
32361,0
32362,0
32363,0
32364,0
32365,0
32366,0
32367,0
32368,0
32369,0
32370,1
32371,1
32372,1
32373,1
32374,1
32375,1
32376,0
32377,0
32378,0
32379,1
32380,1
32381,1
32382,0
32383,0
32384,0
32385,0
32386,0
32387,0
32388,0
32389,1
32390,1
32391,1
32392,1
32393,1
32394,1
32395,1
32396,0
32397,0
32398,0
32399,0
32400,0
32401,0
32402,0
32403,0
32404,0
32405,0
32406,0
32407,0
32408,0
32409,0
32410,0
32411,0
32412,0
32413,0
32414,0
32415,0
32416,0
32417,0
32418,0
32419,0
32420,0
32421,1
32422,1
32423,0
32424,0
32425,0
32426,0
32427,0
32428,0
32429,0
32430,0
32431,0
32432,0
32433,0
32434,0
32435,0
32436,0
32437,0
32438,0
32439,0
32440,0
32441,0
32442,0
32443,0
32444,0
32445,0
32446,0
32447,0
32448,0
32449,0
32450,0
32451,0
32452,0
32453,0
32454,0
32455,1
32456,1
32457,1
32458,0
32459,0
32460,0
32461,0
32462,0
32463,0
32464,0
32465,0
32466,0
32467,0
32468,0
32469,0
32470,0
32471,0
32472,0
32473,0
32474,0
32475,0
32476,1
32477,1
32478,1
32479,1
32480,1
32481,1
32482,0
32483,0
32484,0
32485,1
32486,1
32487,1
32488,0
32489,0
32490,0
32491,0
32492,0
32493,0
32494,1
32495,1
32496,1
32497,1
32498,1
32499,1
32500,1
32501,1
32502,0
32503,0
32504,0
32505,0
32506,0
32507,0
32508,0
32509,0
32510,0
32511,0
32512,0
32513,0
32514,0
32515,0
32516,0
32517,0
32518,0
32519,0
32520,0
32521,0
32522,0
32523,0
32524,0
32525,0
32526,1
32527,1
32528,0
32529,0
32530,0
32531,0
32532,0
32533,0
32534,0
32535,0
32536,0
32537,0
32538,0
32539,0
32540,0
32541,0
32542,0
32543,0
32544,0
32545,0
32546,1
32547,0
32548,0
32549,0
32550,0
32551,0
32552,0
32553,0
32554,0
32555,0
32556,0
32557,0
32558,0
32559,1
32560,1
32561,0
32562,0
32563,0
32564,0
32565,0
32566,0
32567,0
32568,0
32569,0
32570,0
32571,0
32572,0
32573,0
32574,0
32575,0
32576,0
32577,0
32578,0
32579,1
32580,1
32581,1
32582,1
32583,1
32584,1
32585,1
32586,0
32587,0
32588,1
32589,1
32590,1
32591,0
32592,0
32593,0
32594,0
32595,0
32596,0
32597,1
32598,1
32599,1
32600,1
32601,1
32602,1
32603,1
32604,1
32605,0
32606,0
32607,0
32608,0
32609,0
32610,0
32611,0
32612,0
32613,0
32614,0
32615,0
32616,0
32617,0
32618,0
32619,0
32620,0
32621,0
32622,0
32623,0
32624,0
32625,0
32626,0
32627,0
32628,0
32629,1
32630,1
32631,0
32632,0
32633,0
32634,0
32635,0
32636,0
32637,0
32638,0
32639,0
32640,0
32641,0
32642,0
32643,0
32644,0
32645,0
32646,0
32647,0
32648,0
32649,1
32650,1
32651,0
32652,0
32653,0
32654,0
32655,0
32656,0
32657,0
32658,0
32659,0
32660,0
32661,0
32662,0
32663,1
32664,1
32665,0
32666,0
32667,0
32668,0
32669,0
32670,0
32671,0
32672,0
32673,0
32674,0
32675,0
32676,0
32677,0
32678,0
32679,0
32680,0
32681,0
32682,1
32683,1
32684,1
32685,1
32686,1
32687,1
32688,1
32689,1
32690,0
32691,0
32692,1
32693,1
32694,1
32695,0
32696,0
32697,0
32698,0
32699,0
32700,1
32701,1
32702,1
32703,1
32704,1
32705,1
32706,1
32707,1
32708,1
32709,0
32710,0
32711,0
32712,0
32713,0
32714,0
32715,0
32716,0
32717,0
32718,0
32719,0
32720,0
32721,0
32722,0
32723,0
32724,0
32725,0
32726,0
32727,0
32728,0
32729,0
32730,0
32731,0
32732,0
32733,0
32734,1
32735,1
32736,0
32737,0
32738,0
32739,0
32740,0
32741,0
32742,0
32743,0
32744,0
32745,0
32746,0
32747,0
32748,0
32749,0
32750,0
32751,0
32752,0
32753,0
32754,1
32755,0
32756,0
32757,0
32758,0
32759,0
32760,0
32761,0
32762,0
32763,0
32764,0
32765,0
32766,0
32767,1
32768,1
32769,1
32770,0
32771,0
32772,0
32773,0
32774,0
32775,0
32776,0
32777,0
32778,0
32779,0
32780,0
32781,0
32782,0
32783,0
32784,0
32785,0
32786,1
32787,1
32788,1
32789,1
32790,1
32791,1
32792,0
32793,1
32794,1
32795,0
32796,0
32797,1
32798,1
32799,0
32800,0
32801,0
32802,0
32803,0
32804,1
32805,1
32806,1
32807,1
32808,1
32809,1
32810,1
32811,1
32812,1
32813,0
32814,0
32815,0
32816,0
32817,0
32818,0
32819,0
32820,0
32821,0
32822,0
32823,0
32824,0
32825,0
32826,0
32827,0
32828,0
32829,0
32830,0
32831,0
32832,0
32833,0
32834,0
32835,0
32836,0
32837,1
32838,1
32839,0
32840,0
32841,0
32842,0
32843,0
32844,0
32845,0
32846,0
32847,0
32848,0
32849,0
32850,0
32851,0
32852,0
32853,0
32854,0
32855,0
32856,0
32857,1
32858,1
32859,0
32860,0
32861,0
32862,0
32863,0
32864,0
32865,0
32866,0
32867,0
32868,0
32869,0
32870,1
32871,0
32872,0
32873,0
32874,0
32875,0
32876,0
32877,0
32878,0
32879,0
32880,0
32881,0
32882,0
32883,0
32884,0
32885,0
32886,0
32887,0
32888,1
32889,1
32890,1
32891,1
32892,1
32893,1
32894,0
32895,0
32896,1
32897,1
32898,0
32899,0
32900,0
32901,0
32902,0
32903,0
32904,0
32905,0
32906,1
32907,1
32908,1
32909,1
32910,1
32911,1
32912,1
32913,1
32914,1
32915,1
32916,0
32917,0
32918,0
32919,0
32920,0
32921,0
32922,0
32923,0
32924,0
32925,0
32926,0
32927,0
32928,0
32929,0
32930,0
32931,0
32932,0
32933,0
32934,0
32935,0
32936,0
32937,0
32938,0
32939,0
32940,1
32941,1
32942,0
32943,0
32944,0
32945,0
32946,0
32947,0
32948,0
32949,0
32950,0
32951,0
32952,0
32953,0
32954,0
32955,0
32956,0
32957,0
32958,0
32959,0
32960,1
32961,0
32962,0
32963,0
32964,0
32965,0
32966,0
32967,0
32968,0
32969,0
32970,0
32971,0
32972,0
32973,0
32974,0
32975,0
32976,0
32977,0
32978,0
32979,0
32980,0
32981,0
32982,0
32983,0
32984,0
32985,0
32986,0
32987,0
32988,0
32989,0
32990,0
32991,1
32992,1
32993,1
32994,1
32995,1
32996,0
32997,0
32998,1
32999,1
33000,1
33001,0
33002,0
33003,0
33004,0
33005,0
33006,0
33007,0
33008,1
33009,1
33010,1
33011,1
33012,1
33013,1
33014,1
33015,1
33016,1
33017,1
33018,1
33019,0
33020,0
33021,0
33022,0
33023,0
33024,0
33025,0
33026,0
33027,0
33028,0
33029,1
33030,1
33031,0
33032,0
33033,0
33034,0
33035,0
33036,0
33037,0
33038,0
33039,0
33040,0
33041,0
33042,1
33043,1
33044,1
33045,0
33046,0
33047,0
33048,0
33049,0
33050,0
33051,0
33052,0
33053,0
33054,0
33055,0
33056,1
33057,0
33058,0
33059,0
33060,0
33061,0
33062,1
33063,1
33064,0
33065,0
33066,0
33067,0
33068,0
33069,0
33070,0
33071,0
33072,0
33073,0
33074,0
33075,0
33076,0
33077,0
33078,0
33079,0
33080,0
33081,0
33082,0
33083,0
33084,0
33085,0
33086,0
33087,0
33088,0
33089,0
33090,0
33091,0
33092,1
33093,1
33094,1
33095,1
33096,1
33097,0
33098,0
33099,0
33100,1
33101,1
33102,0
33103,0
33104,0
33105,0
33106,0
33107,0
33108,0
33109,1
33110,1
33111,1
33112,1
33113,1
33114,1
33115,1
33116,1
33117,1
33118,1
33119,1
33120,1
33121,0
33122,0
33123,0
33124,0
33125,0
33126,0
33127,0
33128,0
33129,0
33130,1
33131,1
33132,1
33133,1
33134,0
33135,0
33136,0
33137,0
33138,0
33139,0
33140,0
33141,0
33142,0
33143,0
33144,0
33145,1
33146,1
33147,0
33148,0
33149,0
33150,0
33151,0
33152,0
33153,0
33154,0
33155,0
33156,0
33157,0
33158,0
33159,0
33160,0
33161,0
33162,0
33163,0
33164,0
33165,1
33166,1
33167,0
33168,0
33169,0
33170,0
33171,0
33172,0
33173,0
33174,0
33175,0
33176,0
33177,0
33178,0
33179,0
33180,0
33181,0
33182,0
33183,0
33184,0
33185,0
33186,0
33187,0
33188,0
33189,0
33190,0
33191,0
33192,1
33193,1
33194,1
33195,1
33196,0
33197,0
33198,0
33199,0
33200,1
33201,0
33202,0
33203,0
33204,0
33205,0
33206,0
33207,0
33208,1
33209,1
33210,1
33211,1
33212,1
33213,1
33214,1
33215,1
33216,1
33217,1
33218,1
33219,1
33220,1
33221,0
33222,0
33223,0
33224,0
33225,0
33226,0
33227,0
33228,0
33229,0
33230,1
33231,1
33232,1
33233,0
33234,0
33235,0
33236,0
33237,0
33238,0
33239,0
33240,0
33241,0
33242,0
33243,0
33244,1
33245,1
33246,0
33247,0
33248,0
33249,0
33250,0
33251,0
33252,0
33253,0
33254,0
33255,0
33256,0
33257,0
33258,0
33259,0
33260,0
33261,0
33262,0
33263,0
33264,1
33265,1
33266,0
33267,0
33268,0
33269,0
33270,0
33271,0
33272,0
33273,0
33274,0
33275,0
33276,0
33277,0
33278,0
33279,0
33280,0
33281,0
33282,0
33283,0
33284,1
33285,1
33286,1
33287,1
33288,0
33289,0
33290,0
33291,0
33292,0
33293,0
33294,0
33295,0
33296,0
33297,0
33298,0
33299,0
33300,1
33301,1
33302,1
33303,1
33304,1
33305,1
33306,1
33307,1
33308,1
33309,1
33310,1
33311,1
33312,1
33313,0
33314,0
33315,1
33316,0
33317,0
33318,0
33319,0
33320,0
33321,0
33322,1
33323,1
33324,1
33325,1
33326,0
33327,0
33328,0
33329,0
33330,0
33331,0
33332,1
33333,0
33334,0
33335,0
33336,0
33337,1
33338,1
33339,0
33340,0
33341,0
33342,0
33343,0
33344,0
33345,0
33346,0
33347,0
33348,0
33349,0
33350,0
33351,0
33352,0
33353,0
33354,0
33355,0
33356,0
33357,1
33358,0
33359,0
33360,0
33361,0
33362,0
33363,0
33364,0
33365,0
33366,0
33367,0
33368,0
33369,0
33370,0
33371,0
33372,0
33373,1
33374,1
33375,1
33376,1
33377,1
33378,0
33379,0
33380,0
33381,0
33382,0
33383,0
33384,0
33385,0
33386,0
33387,0
33388,0
33389,1
33390,1
33391,1
33392,1
33393,1
33394,1
33395,1
33396,1
33397,1
33398,1
33399,1
33400,1
33401,1
33402,1
33403,0
33404,1
33405,1
33406,0
33407,1
33408,0
33409,0
33410,0
33411,1
33412,1
33413,1
33414,1
33415,0
33416,0
33417,0
33418,0
33419,0
33420,0
33421,1
33422,1
33423,0
33424,0
33425,0
33426,1
33427,1
33428,0
33429,0
33430,0
33431,0
33432,0
33433,0
33434,0
33435,0
33436,0
33437,0
33438,0
33439,0
33440,0
33441,0
33442,0
33443,0
33444,0
33445,0
33446,1
33447,1
33448,0
33449,0
33450,0
33451,0
33452,0
33453,0
33454,0
33455,0
33456,0
33457,0
33458,0
33459,1
33460,1
33461,1
33462,1
33463,1
33464,0
33465,0
33466,0
33467,0
33468,0
33469,0
33470,0
33471,0
33472,0
33473,0
33474,0
33475,1
33476,1
33477,1
33478,1
33479,1
33480,1
33481,1
33482,1
33483,1
33484,1
33485,1
33486,1
33487,1
33488,1
33489,0
33490,0
33491,1
33492,1
33493,0
33494,0
33495,0
33496,0
33497,1
33498,1
33499,1
33500,1
33501,1
33502,0
33503,0
33504,0
33505,0
33506,0
33507,0
33508,1
33509,1
33510,1
33511,0
33512,0
33513,1
33514,1
33515,1
33516,0
33517,0
33518,0
33519,0
33520,0
33521,0
33522,0
33523,0
33524,0
33525,0
33526,0
33527,0
33528,0
33529,0
33530,0
33531,0
33532,0
33533,1
33534,1
33535,0
33536,0
33537,0
33538,0
33539,0
33540,0
33541,0
33542,1
33543,1
33544,1
33545,1
33546,1
33547,1
33548,0
33549,0
33550,0
33551,0
33552,0
33553,0
33554,0
33555,0
33556,0
33557,0
33558,1
33559,1
33560,1
33561,1
33562,1
33563,1
33564,1
33565,1
33566,1
33567,1
33568,1
33569,1
33570,1
33571,1
33572,0
33573,0
33574,1
33575,1
33576,0
33577,0
33578,0
33579,0
33580,0
33581,1
33582,1
33583,1
33584,1
33585,0
33586,0
33587,0
33588,0
33589,0
33590,0
33591,0
33592,1
33593,1
33594,1
33595,0
33596,1
33597,1
33598,1
33599,0
33600,0
33601,0
33602,0
33603,0
33604,0
33605,1
33606,0
33607,0
33608,0
33609,0
33610,0
33611,0
33612,1
33613,0
33614,0
33615,0
33616,1
33617,1
33618,1
33619,0
33620,0
33621,0
33622,0
33623,0
33624,0
33625,1
33626,1
33627,1
33628,1
33629,1
33630,1
33631,0
33632,0
33633,0
33634,0
33635,0
33636,0
33637,0
33638,0
33639,0
33640,0
33641,1
33642,1
33643,1
33644,1
33645,1
33646,1
33647,1
33648,1
33649,1
33650,1
33651,1
33652,1
33653,1
33654,1
33655,0
33656,0
33657,0
33658,1
33659,0
33660,0
33661,0
33662,0
33663,0
33664,1
33665,1
33666,1
33667,1
33668,0
33669,0
33670,0
33671,0
33672,0
33673,0
33674,0
33675,1
33676,1
33677,1
33678,1
33679,1
33680,1
33681,1
33682,1
33683,0
33684,0
33685,0
33686,0
33687,0
33688,0
33689,0
33690,0
33691,0
33692,0
33693,0
33694,0
33695,0
33696,0
33697,0
33698,0
33699,1
33700,1
33701,1
33702,0
33703,0
33704,0
33705,0
33706,0
33707,0
33708,0
33709,1
33710,1
33711,1
33712,1
33713,1
33714,1
33715,1
33716,0
33717,0
33718,0
33719,0
33720,0
33721,0
33722,0
33723,0
33724,0
33725,0
33726,1
33727,1
33728,1
33729,1
33730,1
33731,1
33732,1
33733,1
33734,1
33735,1
33736,1
33737,1
33738,1
33739,0
33740,0
33741,0
33742,1
33743,1
33744,0
33745,0
33746,0
33747,0
33748,0
33749,1
33750,1
33751,1
33752,1
33753,0
33754,0
33755,0
33756,0
33757,0
33758,0
33759,0
33760,1
33761,1
33762,1
33763,1
33764,1
33765,1
33766,1
33767,0
33768,0
33769,0
33770,0
33771,0
33772,0
33773,0
33774,0
33775,0
33776,0
33777,0
33778,0
33779,0
33780,0
33781,0
33782,0
33783,1
33784,1
33785,1
33786,1
33787,0
33788,0
33789,0
33790,0
33791,0
33792,1
33793,1
33794,1
33795,1
33796,1
33797,1
33798,1
33799,0
33800,0
33801,0
33802,0
33803,0
33804,0
33805,0
33806,0
33807,0
33808,0
33809,1
33810,1
33811,1
33812,1
33813,1
33814,1
33815,1
33816,1
33817,1
33818,1
33819,1
33820,1
33821,1
33822,0
33823,0
33824,0
33825,0
33826,1
33827,0
33828,0
33829,0
33830,0
33831,0
33832,1
33833,1
33834,1
33835,1
33836,0
33837,0
33838,0
33839,0
33840,0
33841,0
33842,0
33843,0
33844,1
33845,1
33846,1
33847,1
33848,1
33849,1
33850,1
33851,1
33852,0
33853,0
33854,0
33855,0
33856,0
33857,0
33858,0
33859,0
33860,0
33861,0
33862,0
33863,0
33864,0
33865,0
33866,0
33867,0
33868,1
33869,1
33870,1
33871,0
33872,0
33873,0
33874,0
33875,0
33876,0
33877,1
33878,1
33879,1
33880,1
33881,1
33882,1
33883,1
33884,1
33885,0
33886,0
33887,0
33888,0
33889,0
33890,1
33891,0
33892,0
33893,0
33894,0
33895,1
33896,1
33897,1
33898,1
33899,1
33900,1
33901,1
33902,1
33903,1
33904,1
33905,1
33906,1
33907,1
33908,0
33909,0
33910,0
33911,1
33912,1
33913,0
33914,0
33915,0
33916,0
33917,1
33918,1
33919,1
33920,1
33921,1
33922,0
33923,0
33924,0
33925,0
33926,0
33927,0
33928,1
33929,1
33930,1
33931,1
33932,1
33933,1
33934,1
33935,1
33936,0
33937,0
33938,0
33939,0
33940,0
33941,0
33942,0
33943,0
33944,0
33945,0
33946,0
33947,0
33948,0
33949,0
33950,0
33951,0
33952,1
33953,1
33954,1
33955,0
33956,0
33957,0
33958,0
33959,0
33960,0
33961,1
33962,1
33963,1
33964,1
33965,1
33966,1
33967,1
33968,1
33969,0
33970,0
33971,0
33972,0
33973,0
33974,0
33975,1
33976,0
33977,0
33978,0
33979,0
33980,1
33981,1
33982,1
33983,1
33984,1
33985,1
33986,1
33987,1
33988,1
33989,1
33990,1
33991,1
33992,0
33993,0
33994,0
33995,1
33996,1
33997,0
33998,0
33999,0
34000,0
34001,1
34002,1
34003,1
34004,1
34005,1
34006,0
34007,0
34008,0
34009,0
34010,0
34011,0
34012,0
34013,0
34014,1
34015,1
34016,1
34017,1
34018,1
34019,1
34020,1
34021,1
34022,0
34023,0
34024,0
34025,0
34026,0
34027,0
34028,0
34029,0
34030,0
34031,0
34032,0
34033,0
34034,0
34035,0
34036,0
34037,0
34038,1
34039,1
34040,1
34041,0
34042,0
34043,0
34044,0
34045,0
34046,1
34047,1
34048,1
34049,1
34050,1
34051,1
34052,1
34053,0
34054,0
34055,0
34056,0
34057,0
34058,0
34059,1
34060,1
34061,0
34062,0
34063,0
34064,0
34065,1
34066,1
34067,1
34068,1
34069,1
34070,1
34071,1
34072,1
34073,1
34074,1
34075,1
34076,0
34077,0
34078,0
34079,1
34080,1
34081,1
34082,0
34083,0
34084,0
34085,0
34086,1
34087,1
34088,1
34089,1
34090,1
34091,0
34092,0
34093,0
34094,0
34095,0
34096,0
34097,0
34098,1
34099,1
34100,1
34101,1
34102,1
34103,1
34104,1
34105,1
34106,0
34107,0
34108,0
34109,0
34110,0
34111,0
34112,0
34113,0
34114,0
34115,0
34116,0
34117,0
34118,0
34119,0
34120,0
34121,0
34122,1
34123,1
34124,1
34125,0
34126,0
34127,0
34128,0
34129,0
34130,0
34131,1
34132,1
34133,1
34134,1
34135,1
34136,1
34137,0
34138,0
34139,0
34140,0
34141,0
34142,0
34143,0
34144,0
34145,1
34146,0
34147,0
34148,0
34149,0
34150,0
34151,1
34152,1
34153,1
34154,1
34155,1
34156,1
34157,1
34158,1
34159,1
34160,1
34161,0
34162,0
34163,0
34164,0
34165,1
34166,1
34167,0
34168,0
34169,0
34170,0
34171,1
34172,1
34173,1
34174,1
34175,1
34176,0
34177,0
34178,0
34179,0
34180,0
34181,0
34182,0
34183,0
34184,1
34185,1
34186,1
34187,1
34188,1
34189,1
34190,1
34191,0
34192,0
34193,0
34194,0
34195,0
34196,0
34197,0
34198,0
34199,0
34200,0
34201,0
34202,0
34203,0
34204,0
34205,0
34206,0
34207,0
34208,1
34209,1
34210,0
34211,0
34212,0
34213,0
34214,0
34215,0
34216,1
34217,1
34218,1
34219,1
34220,1
34221,0
34222,0
34223,0
34224,0
34225,0
34226,0
34227,0
34228,0
34229,0
34230,0
34231,0
34232,0
34233,0
34234,0
34235,0
34236,1
34237,1
34238,1
34239,1
34240,1
34241,1
34242,1
34243,1
34244,1
34245,0
34246,0
34247,0
34248,0
34249,1
34250,1
34251,1
34252,0
34253,0
34254,0
34255,0
34256,1
34257,1
34258,1
34259,1
34260,1
34261,0
34262,0
34263,0
34264,0
34265,0
34266,0
34267,0
34268,1
34269,1
34270,1
34271,1
34272,1
34273,1
34274,1
34275,0
34276,0
34277,0
34278,0
34279,0
34280,0
34281,0
34282,0
34283,0
34284,0
34285,0
34286,0
34287,0
34288,0
34289,0
34290,0
34291,0
34292,1
34293,0
34294,0
34295,0
34296,0
34297,0
34298,0
34299,0
34300,0
34301,1
34302,1
34303,1
34304,1
34305,1
34306,0
34307,0
34308,0
34309,0
34310,0
34311,0
34312,0
34313,0
34314,0
34315,0
34316,0
34317,0
34318,0
34319,0
34320,0
34321,0
34322,1
34323,1
34324,1
34325,1
34326,1
34327,1
34328,1
34329,1
34330,0
34331,0
34332,0
34333,0
34334,0
34335,1
34336,1
34337,0
34338,0
34339,0
34340,0
34341,1
34342,1
34343,1
34344,1
34345,1
34346,0
34347,0
34348,0
34349,0
34350,0
34351,0
34352,0
34353,1
34354,1
34355,1
34356,1
34357,1
34358,1
34359,1
34360,0
34361,0
34362,0
34363,0
34364,0
34365,0
34366,0
34367,0
34368,0
34369,0
34370,0
34371,0
34372,0
34373,0
34374,0
34375,0
34376,0
34377,0
34378,0
34379,0
34380,0
34381,0
34382,0
34383,0
34384,0
34385,0
34386,1
34387,1
34388,1
34389,1
34390,1
34391,0
34392,0
34393,0
34394,0
34395,0
34396,0
34397,0
34398,0
34399,0
34400,0
34401,0
34402,0
34403,0
34404,0
34405,0
34406,0
34407,0
34408,1
34409,1
34410,1
34411,0
34412,1
34413,1
34414,1
34415,0
34416,0
34417,0
34418,0
34419,0
34420,1
34421,1
34422,1
34423,0
34424,0
34425,0
34426,0
34427,1
34428,1
34429,1
34430,1
34431,0
34432,0
34433,0
34434,0
34435,0
34436,0
34437,0
34438,1
34439,1
34440,1
34441,1
34442,1
34443,1
34444,1
34445,0
34446,0
34447,0
34448,0
34449,0
34450,0
34451,0
34452,0
34453,0
34454,0
34455,0
34456,0
34457,0
34458,0
34459,0
34460,0
34461,0
34462,0
34463,0
34464,0
34465,0
34466,0
34467,0
34468,0
34469,0
34470,1
34471,1
34472,1
34473,1
34474,1
34475,0
34476,0
34477,0
34478,0
34479,0
34480,0
34481,1
34482,0
34483,0
34484,0
34485,0
34486,0
34487,0
34488,0
34489,0
34490,0
34491,0
34492,1
34493,1
34494,1
34495,0
34496,0
34497,1
34498,1
34499,0
34500,0
34501,0
34502,1
34503,0
34504,0
34505,1
34506,1
34507,0
34508,0
34509,0
34510,0
34511,1
34512,1
34513,1
34514,1
34515,1
34516,0
34517,0
34518,0
34519,0
34520,0
34521,0
34522,1
34523,1
34524,1
34525,1
34526,1
34527,1
34528,1
34529,0
34530,0
34531,0
34532,0
34533,0
34534,0
34535,0
34536,0
34537,0
34538,0
34539,0
34540,0
34541,0
34542,0
34543,0
34544,0
34545,0
34546,0
34547,0
34548,0
34549,0
34550,0
34551,0
34552,0
34553,0
34554,0
34555,0
34556,1
34557,1
34558,1
34559,1
34560,0
34561,0
34562,0
34563,0
34564,0
34565,0
34566,1
34567,0
34568,0
34569,0
34570,0
34571,0
34572,0
34573,0
34574,0
34575,0
34576,0
34577,0
34578,1
34579,1
34580,0
34581,0
34582,0
34583,1
34584,0
34585,0
34586,0
34587,0
34588,0
34589,0
34590,1
34591,1
34592,1
34593,0
34594,0
34595,0
34596,0
34597,1
34598,1
34599,1
34600,1
34601,0
34602,0
34603,0
34604,0
34605,0
34606,0
34607,0
34608,1
34609,1
34610,1
34611,1
34612,1
34613,1
34614,1
34615,0
34616,0
34617,0
34618,0
34619,0
34620,0
34621,0
34622,0
34623,0
34624,0
34625,0
34626,0
34627,0
34628,0
34629,0
34630,0
34631,0
34632,0
34633,0
34634,0
34635,0
34636,0
34637,0
34638,0
34639,0
34640,1
34641,1
34642,1
34643,1
34644,0
34645,0
34646,0
34647,0
34648,0
34649,0
34650,1
34651,1
34652,0
34653,0
34654,0
34655,0
34656,0
34657,0
34658,0
34659,0
34660,0
34661,0
34662,1
34663,1
34664,0
34665,0
34666,0
34667,0
34668,1
34669,0
34670,0
34671,0
34672,0
34673,0
34674,0
34675,1
34676,1
34677,1
34678,0
34679,0
34680,0
34681,0
34682,1
34683,1
34684,1
34685,0
34686,0
34687,0
34688,0
34689,0
34690,0
34691,0
34692,0
34693,1
34694,1
34695,1
34696,1
34697,1
34698,1
34699,1
34700,0
34701,0
34702,0
34703,0
34704,0
34705,0
34706,0
34707,0
34708,0
34709,0
34710,0
34711,0
34712,0
34713,0
34714,0
34715,0
34716,0
34717,0
34718,0
34719,0
34720,0
34721,0
34722,0
34723,0
34724,0
34725,0
34726,0
34727,1
34728,1
34729,1
34730,0
34731,0
34732,0
34733,0
34734,0
34735,0
34736,0
34737,1
34738,1
34739,0
34740,0
34741,0
34742,0
34743,0
34744,0
34745,0
34746,0
34747,1
34748,1
34749,1
34750,1
34751,0
34752,0
34753,0
34754,1
34755,0
34756,0
34757,0
34758,0
34759,0
34760,0
34761,1
34762,1
34763,1
34764,0
34765,0
34766,0
34767,0
34768,1
34769,1
34770,1
34771,0
34772,0
34773,0
34774,0
34775,0
34776,0
34777,0
34778,0
34779,1
34780,1
34781,1
34782,1
34783,1
34784,1
34785,0
34786,0
34787,0
34788,0
34789,0
34790,0
34791,0
34792,0
34793,0
34794,0
34795,0
34796,0
34797,0
34798,0
34799,0
34800,0
34801,0
34802,0
34803,0
34804,0
34805,0
34806,0
34807,0
34808,0
34809,0
34810,0
34811,0
34812,1
34813,1
34814,0
34815,0
34816,0
34817,0
34818,0
34819,0
34820,0
34821,1
34822,1
34823,1
34824,0
34825,0
34826,0
34827,0
34828,0
34829,0
34830,0
34831,0
34832,1
34833,1
34834,1
34835,0
34836,0
34837,0
34838,0
34839,0
34840,0
34841,0
34842,0
34843,0
34844,0
34845,0
34846,1
34847,1
34848,1
34849,0
34850,0
34851,0
34852,0
34853,1
34854,1
34855,1
34856,0
34857,0
34858,0
34859,0
34860,0
34861,0
34862,0
34863,0
34864,1
34865,1
34866,1
34867,1
34868,1
34869,1
34870,1
34871,0
34872,0
34873,0
34874,0
34875,0
34876,0
34877,0
34878,0
34879,0
34880,0
34881,0
34882,0
34883,0
34884,0
34885,0
34886,0
34887,0
34888,0
34889,0
34890,0
34891,0
34892,0
34893,0
34894,0
34895,0
34896,0
34897,1
34898,1
34899,1
34900,0
34901,0
34902,0
34903,0
34904,0
34905,0
34906,0
34907,1
34908,1
34909,1
34910,0
34911,0
34912,0
34913,0
34914,0
34915,0
34916,0
34917,0
34918,1
34919,1
34920,1
34921,0
34922,0
34923,0
34924,0
34925,0
34926,0
34927,0
34928,0
34929,0
34930,0
34931,1
34932,1
34933,1
34934,0
34935,0
34936,0
34937,0
34938,0
34939,1
34940,0
34941,0
34942,0
34943,0
34944,0
34945,0
34946,0
34947,0
34948,0
34949,1
34950,1
34951,1
34952,1
34953,1
34954,1
34955,0
34956,0
34957,0
34958,0
34959,0
34960,0
34961,0
34962,0
34963,0
34964,0
34965,0
34966,0
34967,0
34968,0
34969,0
34970,0
34971,0
34972,0
34973,0
34974,0
34975,0
34976,0
34977,0
34978,0
34979,0
34980,0
34981,0
34982,1
34983,1
34984,0
34985,0
34986,0
34987,0
34988,0
34989,0
34990,0
34991,1
34992,1
34993,1
34994,0
34995,0
34996,0
34997,0
34998,0
34999,0
35000,0
35001,0
35002,1
35003,1
35004,1
35005,0
35006,0
35007,0
35008,0
35009,0
35010,0
35011,0
35012,0
35013,0
35014,0
35015,0
35016,1
35017,1
35018,1
35019,0
35020,0
35021,0
35022,0
35023,0
35024,0
35025,0
35026,0
35027,0
35028,0
35029,0
35030,0
35031,0
35032,0
35033,1
35034,1
35035,1
35036,1
35037,1
35038,1
35039,1
35040,0
35041,0
35042,0
35043,0
35044,0
35045,0
35046,0
35047,0
35048,0
35049,0
35050,0
35051,0
35052,0
35053,0
35054,0
35055,0
35056,0
35057,0
35058,0
35059,0
35060,0
35061,0
35062,0
35063,0
35064,0
35065,0
35066,1
35067,1
35068,0
35069,0
35070,0
35071,0
35072,0
35073,0
35074,0
35075,0
35076,1
35077,1
35078,1
35079,0
35080,0
35081,0
35082,0
35083,0
35084,0
35085,0
35086,0
35087,1
35088,1
35089,1
35090,0
35091,0
35092,0
35093,0
35094,0
35095,0
35096,0
35097,0
35098,0
35099,0
35100,1
35101,1
35102,1
35103,0
35104,0
35105,0
35106,0
35107,0
35108,0
35109,0
35110,0
35111,0
35112,0
35113,0
35114,0
35115,0
35116,0
35117,0
35118,1
35119,1
35120,1
35121,1
35122,1
35123,1
35124,0
35125,0
35126,0
35127,0
35128,0
35129,0
35130,0
35131,0
35132,0
35133,0
35134,0
35135,0
35136,0
35137,0
35138,0
35139,0
35140,0
35141,0
35142,0
35143,0
35144,0
35145,0
35146,0
35147,0
35148,0
35149,0
35150,0
35151,1
35152,0
35153,0
35154,0
35155,0
35156,0
35157,0
35158,0
35159,0
35160,0
35161,1
35162,1
35163,0
35164,0
35165,0
35166,0
35167,0
35168,0
35169,0
35170,0
35171,1
35172,1
35173,1
35174,1
35175,0
35176,0
35177,0
35178,0
35179,0
35180,0
35181,0
35182,0
35183,0
35184,0
35185,1
35186,1
35187,0
35188,0
35189,0
35190,0
35191,0
35192,0
35193,0
35194,0
35195,0
35196,0
35197,0
35198,0
35199,0
35200,0
35201,0
35202,1
35203,1
35204,1
35205,1
35206,1
35207,1
35208,0
35209,0
35210,0
35211,0
35212,0
35213,0
35214,0
35215,0
35216,0
35217,0
35218,0
35219,0
35220,0
35221,0
35222,0
35223,0
35224,0
35225,0
35226,0
35227,0
35228,0
35229,0
35230,0
35231,0
35232,0
35233,0
35234,0
35235,0
35236,0
35237,0
35238,0
35239,0
35240,0
35241,0
35242,0
35243,0
35244,0
35245,0
35246,0
35247,1
35248,1
35249,0
35250,0
35251,0
35252,0
35253,0
35254,0
35255,0
35256,0
35257,1
35258,1
35259,1
35260,1
35261,0
35262,0
35263,0
35264,1
35265,0
35266,0
35267,0
35268,0
35269,0
35270,1
35271,1
35272,0
35273,0
35274,0
35275,0
35276,0
35277,0
35278,0
35279,0
35280,0
35281,0
35282,0
35283,0
35284,0
35285,0
35286,0
35287,0
35288,1
35289,1
35290,1
35291,1
35292,1
35293,1
35294,0
35295,0
35296,0
35297,0
35298,0
35299,0
35300,0
35301,1
35302,1
35303,0
35304,0
35305,0
35306,0
35307,0
35308,0
35309,0
35310,0
35311,0
35312,0
35313,0
35314,0
35315,0
35316,0
35317,0
35318,0
35319,0
35320,0
35321,0
35322,0
35323,0
35324,0
35325,0
35326,0
35327,0
35328,0
35329,0
35330,0
35331,1
35332,1
35333,0
35334,0
35335,0
35336,0
35337,0
35338,0
35339,0
35340,0
35341,1
35342,1
35343,1
35344,1
35345,1
35346,0
35347,0
35348,0
35349,0
35350,0
35351,0
35352,0
35353,0
35354,0
35355,1
35356,0
35357,0
35358,0
35359,0
35360,0
35361,0
35362,0
35363,0
35364,0
35365,0
35366,0
35367,0
35368,0
35369,0
35370,0
35371,0
35372,1
35373,1
35374,1
35375,1
35376,1
35377,1
35378,0
35379,0
35380,0
35381,0
35382,0
35383,0
35384,0
35385,0
35386,1
35387,0
35388,0
35389,0
35390,0
35391,0
35392,0
35393,0
35394,0
35395,0
35396,0
35397,0
35398,0
35399,0
35400,0
35401,0
35402,0
35403,0
35404,0
35405,0
35406,0
35407,0
35408,0
35409,0
35410,0
35411,0
35412,0
35413,0
35414,0
35415,0
35416,1
35417,0
35418,0
35419,0
35420,0
35421,0
35422,0
35423,0
35424,0
35425,0
35426,1
35427,1
35428,1
35429,1
35430,0
35431,0
35432,1
35433,0
35434,0
35435,0
35436,0
35437,0
35438,1
35439,0
35440,0
35441,0
35442,0
35443,0
35444,0
35445,0
35446,0
35447,0
35448,0
35449,0
35450,0
35451,0
35452,0
35453,0
35454,0
35455,0
35456,0
35457,1
35458,1
35459,1
35460,1
35461,1
35462,1
35463,0
35464,0
35465,0
35466,0
35467,0
35468,0
35469,0
35470,1
35471,1
35472,0
35473,0
35474,0
35475,0
35476,0
35477,0
35478,0
35479,0
35480,0
35481,0
35482,0
35483,0
35484,0
35485,0
35486,0
35487,0
35488,0
35489,0
35490,0
35491,0
35492,0
35493,0
35494,0
35495,0
35496,0
35497,0
35498,0
35499,0
35500,0
35501,0
35502,0
35503,0
35504,0
35505,0
35506,0
35507,0
35508,0
35509,0
35510,1
35511,1
35512,1
35513,1
35514,0
35515,0
35516,0
35517,1
35518,0
35519,0
35520,0
35521,1
35522,1
35523,0
35524,0
35525,0
35526,0
35527,0
35528,0
35529,0
35530,0
35531,0
35532,0
35533,0
35534,0
35535,0
35536,0
35537,0
35538,0
35539,0
35540,0
35541,1
35542,1
35543,1
35544,1
35545,1
35546,1
35547,0
35548,0
35549,0
35550,0
35551,0
35552,0
35553,0
35554,1
35555,1
35556,1
35557,0
35558,0
35559,0
35560,0
35561,0
35562,0
35563,0
35564,0
35565,0
35566,0
35567,0
35568,0
35569,0
35570,0
35571,0
35572,0
35573,0
35574,0
35575,0
35576,0
35577,0
35578,0
35579,0
35580,0
35581,0
35582,0
35583,0
35584,0
35585,0
35586,0
35587,0
35588,0
35589,0
35590,0
35591,0
35592,0
35593,0
35594,0
35595,0
35596,1
35597,1
35598,1
35599,0
35600,0
35601,0
35602,0
35603,0
35604,1
35605,0
35606,0
35607,0
35608,1
35609,0
35610,0
35611,0
35612,0
35613,0
35614,0
35615,0
35616,0
35617,0
35618,0
35619,0
35620,0
35621,0
35622,0
35623,0
35624,0
35625,0
35626,1
35627,1
35628,1
35629,1
35630,1
35631,0
35632,0
35633,0
35634,0
35635,0
35636,0
35637,0
35638,0
35639,1
35640,1
35641,0
35642,0
35643,0
35644,0
35645,0
35646,0
35647,0
35648,0
35649,0
35650,0
35651,0
35652,0
35653,0
35654,0
35655,0
35656,0
35657,0
35658,0
35659,0
35660,0
35661,0
35662,0
35663,0
35664,0
35665,0
35666,0
35667,0
35668,0
35669,0
35670,0
35671,0
35672,0
35673,0
35674,0
35675,0
35676,0
35677,0
35678,0
35679,1
35680,1
35681,1
35682,0
35683,0
35684,0
35685,0
35686,0
35687,1
35688,0
35689,0
35690,0
35691,1
35692,0
35693,0
35694,0
35695,0
35696,0
35697,0
35698,0
35699,0
35700,0
35701,0
35702,0
35703,0
35704,0
35705,0
35706,0
35707,0
35708,0
35709,1
35710,1
35711,1
35712,1
35713,1
35714,1
35715,0
35716,0
35717,0
35718,0
35719,0
35720,0
35721,0
35722,1
35723,1
35724,1
35725,0
35726,0
35727,0
35728,0
35729,0
35730,0
35731,0
35732,0
35733,0
35734,0
35735,0
35736,0
35737,0
35738,0
35739,0
35740,0
35741,0
35742,0
35743,0
35744,0
35745,0
35746,0
35747,0
35748,0
35749,0
35750,0
35751,0
35752,0
35753,0
35754,0
35755,0
35756,0
35757,0
35758,0
35759,0
35760,0
35761,0
35762,0
35763,1
35764,1
35765,1
35766,0
35767,0
35768,0
35769,0
35770,0
35771,1
35772,0
35773,1
35774,0
35775,1
35776,0
35777,0
35778,0
35779,0
35780,0
35781,0
35782,0
35783,0
35784,0
35785,0
35786,0
35787,0
35788,0
35789,0
35790,0
35791,0
35792,1
35793,1
35794,1
35795,1
35796,1
35797,0
35798,0
35799,0
35800,0
35801,0
35802,0
35803,0
35804,0
35805,1
35806,1
35807,1
35808,0
35809,0
35810,0
35811,0
35812,0
35813,0
35814,0
35815,0
35816,0
35817,0
35818,0
35819,0
35820,0
35821,0
35822,0
35823,0
35824,0
35825,0
35826,0
35827,0
35828,0
35829,0
35830,1
35831,0
35832,0
35833,0
35834,0
35835,0
35836,0
35837,0
35838,0
35839,0
35840,0
35841,0
35842,0
35843,0
35844,0
35845,0
35846,0
35847,1
35848,1
35849,0
35850,0
35851,0
35852,0
35853,0
35854,0
35855,0
35856,0
35857,0
35858,1
35859,1
35860,0
35861,0
35862,0
35863,0
35864,0
35865,0
35866,0
35867,0
35868,0
35869,0
35870,0
35871,0
35872,0
35873,0
35874,0
35875,0
35876,1
35877,1
35878,1
35879,1
35880,0
35881,0
35882,0
35883,0
35884,0
35885,0
35886,0
35887,0
35888,0
35889,0
35890,1
35891,1
35892,0
35893,0
35894,0
35895,0
35896,0
35897,0
35898,0
35899,0
35900,0
35901,0
35902,0
35903,0
35904,0
35905,0
35906,0
35907,0
35908,0
35909,0
35910,0
35911,0
35912,0
35913,0
35914,1
35915,0
35916,0
35917,0
35918,0
35919,0
35920,0
35921,0
35922,0
35923,0
35924,0
35925,0
35926,0
35927,0
35928,0
35929,0
35930,1
35931,0
35932,0
35933,0
35934,0
35935,0
35936,0
35937,0
35938,0
35939,0
35940,0
35941,1
35942,0
35943,0
35944,0
35945,0
35946,0
35947,0
35948,0
35949,0
35950,0
35951,0
35952,0
35953,0
35954,0
35955,0
35956,0
35957,0
35958,0
35959,1
35960,1
35961,1
35962,1
35963,0
35964,0
35965,0
35966,0
35967,0
35968,0
35969,0
35970,0
35971,0
35972,0
35973,0
35974,0
35975,0
35976,0
35977,0
35978,0
35979,0
35980,0
35981,0
35982,0
35983,0
35984,0
35985,0
35986,0
35987,0
35988,0
35989,0
35990,0
35991,0
35992,0
35993,0
35994,0
35995,0
35996,0
35997,1
35998,0
35999,0
36000,0
36001,0
36002,0
36003,0
36004,0
36005,0
36006,0
36007,0
36008,0
36009,0
36010,0
36011,0
36012,0
36013,0
36014,0
36015,0
36016,0
36017,0
36018,0
36019,0
36020,0
36021,0
36022,0
36023,0
36024,0
36025,0
36026,0
36027,0
36028,0
36029,0
36030,0
36031,0
36032,0
36033,0
36034,0
36035,0
36036,0
36037,0
36038,0
36039,0
36040,0
36041,0
36042,1
36043,1
36044,0
36045,0
36046,0
36047,0
36048,0
36049,0
36050,0
36051,0
36052,0
36053,0
36054,0
36055,0
36056,0
36057,0
36058,0
36059,0
36060,0
36061,0
36062,0
36063,0
36064,0
36065,0
36066,0
36067,0
36068,0
36069,0
36070,0
36071,0
36072,0
36073,0
36074,0
36075,0
36076,0
36077,0
36078,1
36079,1
36080,0
36081,0
36082,0
36083,0
36084,0
36085,0
36086,0
36087,0
36088,0
36089,0
36090,0
36091,0
36092,0
36093,0
36094,0
36095,0
36096,0
36097,0
36098,0
36099,0
36100,0
36101,0
36102,0
36103,0
36104,0
36105,0
36106,0
36107,0
36108,0
36109,0
36110,0
36111,0
36112,0
36113,0
36114,0
36115,0
36116,0
36117,0
36118,0
36119,0
36120,0
36121,0
36122,0
36123,0
36124,1
36125,0
36126,0
36127,0
36128,0
36129,0
36130,0
36131,0
36132,0
36133,0
36134,0
36135,0
36136,0
36137,0
36138,0
36139,0
36140,0
36141,0
36142,0
36143,0
36144,0
36145,0
36146,0
36147,0
36148,0
36149,0
36150,0
36151,0
36152,0
36153,0
36154,0
36155,0
36156,0
36157,0
36158,0
36159,0
36160,1
36161,0
36162,0
36163,0
36164,0
36165,0
36166,0
36167,0
36168,0
36169,0
36170,0
36171,0
36172,0
36173,0
36174,0
36175,0
36176,0
36177,0
36178,0
36179,0
36180,0
36181,0
36182,0
36183,0
36184,0
36185,0
36186,0
36187,0
36188,0
36189,0
36190,0
36191,0
36192,0
36193,0
36194,0
36195,0
36196,0
36197,0
36198,0
36199,0
36200,0
36201,0
36202,0
36203,0
36204,0
36205,0
36206,0
36207,0
36208,0
36209,0
36210,0
36211,0
36212,0
36213,0
36214,0
36215,0
36216,0
36217,0
36218,0
36219,0
36220,0
36221,0
36222,0
36223,0
36224,0
36225,0
36226,0
36227,0
36228,0
36229,0
36230,0
36231,0
36232,0
36233,0
36234,0
36235,0
36236,0
36237,0
36238,0
36239,0
36240,0
36241,0
36242,1
36243,1
36244,0
36245,0
36246,0
36247,0
36248,0
36249,0
36250,0
36251,0
36252,0
36253,0
36254,0
36255,0
36256,0
36257,0
36258,0
36259,0
36260,0
36261,0
36262,0
36263,0
36264,0
36265,0
36266,0
36267,0
36268,0
36269,0
36270,0
36271,0
36272,0
36273,0
36274,0
36275,0
36276,0
36277,0
36278,0
36279,0
36280,0
36281,0
36282,0
36283,0
36284,0
36285,0
36286,0
36287,0
36288,0
36289,0
36290,0
36291,0
36292,0
36293,0
36294,0
36295,0
36296,0
36297,0
36298,0
36299,0
36300,0
36301,0
36302,0
36303,0
36304,0
36305,0
36306,0
36307,0
36308,0
36309,0
36310,0
36311,0
36312,0
36313,0
36314,0
36315,0
36316,0
36317,0
36318,0
36319,0
36320,0
36321,0
36322,1
36323,0
36324,0
36325,0
36326,0
36327,0
36328,0
36329,0
36330,0
36331,0
36332,0
36333,0
36334,0
36335,0
36336,0
36337,0
36338,0
36339,0
36340,0
36341,0
36342,0
36343,0
36344,0
36345,0
36346,0
36347,0
36348,0
36349,0
36350,0
36351,0
36352,0
36353,0
36354,0
36355,0
36356,0
36357,0
36358,0
36359,0
36360,0
36361,0
36362,0
36363,0
36364,0
36365,0
36366,0
36367,0
36368,0
36369,0
36370,0
36371,0
36372,0
36373,0
36374,0
36375,0
36376,0
36377,0
36378,0
36379,0
36380,0
36381,0
36382,0
36383,0
36384,0
36385,0
36386,0
36387,0
36388,0
36389,0
36390,0
36391,0
36392,0
36393,0
36394,0
36395,0
36396,0
36397,0
36398,0
36399,0
36400,0
36401,1
36402,1
36403,0
36404,0
36405,0
36406,0
36407,0
36408,0
36409,0
36410,0
36411,0
36412,0
36413,0
36414,0
36415,0
36416,0
36417,0
36418,0
36419,0
36420,0
36421,0
36422,0
36423,0
36424,0
36425,0
36426,0
36427,0
36428,0
36429,0
36430,0
36431,0
36432,0
36433,0
36434,0
36435,0
36436,0
36437,0
36438,0
36439,0
36440,0
36441,0
36442,0
36443,0
36444,0
36445,0
36446,0
36447,0
36448,0
36449,0
36450,0
36451,0
36452,0
36453,0
36454,0
36455,0
36456,0
36457,0
36458,0
36459,0
36460,0
36461,0
36462,0
36463,0
36464,0
36465,0
36466,0
36467,0
36468,0
36469,0
36470,0
36471,0
36472,0
36473,0
36474,0
36475,0
36476,0
36477,1
36478,0
36479,0
36480,0
36481,0
36482,0
36483,0
36484,0
36485,0
36486,0
36487,0
36488,0
36489,0
36490,0
36491,0
36492,0
36493,0
36494,0
36495,0
36496,0
36497,0
36498,0
36499,0
36500,0
36501,0
36502,0
36503,0
36504,0
36505,0
36506,0
36507,0
36508,0
36509,0
36510,0
36511,0
36512,0
36513,0
36514,0
36515,0
36516,0
36517,0
36518,0
36519,0
36520,0
36521,0
36522,0
36523,0
36524,0
36525,0
36526,0
36527,0
36528,0
36529,0
36530,0
36531,0
36532,0
36533,0
36534,0
36535,0
36536,0
36537,0
36538,0
36539,0
36540,0
36541,0
36542,0
36543,0
36544,0
36545,0
36546,0
36547,0
36548,0
36549,0
36550,0
36551,0
36552,1
36553,0
36554,0
36555,0
36556,0
36557,0
36558,0
36559,0
36560,0
36561,0
36562,1
36563,0
36564,0
36565,0
36566,0
36567,0
36568,0
36569,0
36570,0
36571,0
36572,0
36573,1
36574,0
36575,0
36576,1
36577,0
36578,0
36579,0
36580,0
36581,0
36582,0
36583,0
36584,0
36585,0
36586,0
36587,0
36588,0
36589,0
36590,0
36591,0
36592,0
36593,0
36594,0
36595,0
36596,0
36597,0
36598,0
36599,0
36600,0
36601,0
36602,0
36603,0
36604,0
36605,0
36606,0
36607,0
36608,0
36609,0
36610,0
36611,0
36612,0
36613,0
36614,0
36615,0
36616,0
36617,0
36618,0
36619,0
36620,0
36621,0
36622,0
36623,0
36624,0
36625,0
36626,0
36627,1
36628,0
36629,0
36630,0
36631,0
36632,0
36633,0
36634,0
36635,0
36636,1
36637,0
36638,0
36639,0
36640,0
36641,0
36642,0
36643,0
36644,0
36645,0
36646,0
36647,1
36648,0
36649,0
36650,0
36651,0
36652,0
36653,0
36654,0
36655,0
36656,0
36657,0
36658,0
36659,0
36660,0
36661,0
36662,0
36663,0
36664,0
36665,0
36666,0
36667,0
36668,0
36669,0
36670,0
36671,0
36672,0
36673,0
36674,0
36675,0
36676,0
36677,0
36678,0
36679,0
36680,0
36681,0
36682,0
36683,0
36684,0
36685,0
36686,0
36687,0
36688,0
36689,0
36690,0
36691,0
36692,0
36693,0
36694,0
36695,0
36696,0
36697,0
36698,0
36699,0
36700,0
36701,1
36702,0
36703,0
36704,0
36705,0
36706,0
36707,0
36708,0
36709,0
36710,1
36711,1
36712,0
36713,0
36714,0
36715,0
36716,0
36717,0
36718,0
36719,0
36720,0
36721,0
36722,1
36723,0
36724,0
36725,0
36726,0
36727,0
36728,0
36729,0
36730,0
36731,0
36732,0
36733,0
36734,0
36735,0
36736,0
36737,0
36738,0
36739,0
36740,0
36741,0
36742,0
36743,0
36744,0
36745,0
36746,0
36747,0
36748,0
36749,0
36750,0
36751,0
36752,0
36753,0
36754,0
36755,0
36756,0
36757,0
36758,0
36759,0
36760,0
36761,0
36762,0
36763,0
36764,0
36765,0
36766,0
36767,0
36768,0
36769,0
36770,1
36771,0
36772,0
36773,0
36774,0
36775,0
36776,0
36777,0
36778,1
36779,1
36780,0
36781,0
36782,0
36783,0
36784,0
36785,0
36786,0
36787,0
36788,0
36789,0
36790,0
36791,0
36792,0
36793,0
36794,0
36795,0
36796,0
36797,1
36798,0
36799,0
36800,0
36801,0
36802,0
36803,0
36804,0
36805,0
36806,0
36807,0
36808,0
36809,0
36810,0
36811,0
36812,0
36813,0
36814,0
36815,0
36816,0
36817,0
36818,0
36819,0
36820,0
36821,0
36822,0
36823,0
36824,0
36825,0
36826,0
36827,0
36828,0
36829,0
36830,0
36831,0
36832,0
36833,0
36834,0
36835,0
36836,0
36837,0
36838,0
36839,0
36840,0
36841,0
36842,0
36843,0
36844,0
36845,1
36846,1
36847,0
36848,0
36849,0
36850,0
36851,0
36852,0
36853,0
36854,0
36855,0
36856,0
36857,0
36858,0
36859,0
36860,0
36861,0
36862,0
36863,0
36864,0
36865,0
36866,0
36867,0
36868,0
36869,0
36870,0
36871,0
36872,0
36873,0
36874,0
36875,0
36876,0
36877,0
36878,0
36879,0
36880,0
36881,0
36882,0
36883,0
36884,0
36885,0
36886,0
36887,0
36888,0
36889,0
36890,0
36891,0
36892,0
36893,0
36894,0
36895,0
36896,0
36897,0
36898,0
36899,0
36900,0
36901,0
36902,0
36903,1
36904,0
36905,0
36906,0
36907,0
36908,0
36909,0
36910,0
36911,1
36912,1
36913,0
36914,0
36915,0
36916,0
36917,0
36918,0
36919,0
36920,0
36921,0
36922,0
36923,0
36924,0
36925,0
36926,0
36927,0
36928,0
36929,0
36930,0
36931,0
36932,0
36933,0
36934,0
36935,0
36936,0
36937,0
36938,0
36939,0
36940,0
36941,1
36942,0
36943,0
36944,0
36945,0
36946,0
36947,0
36948,0
36949,0
36950,0
36951,0
36952,0
36953,0
36954,0
36955,0
36956,0
36957,0
36958,0
36959,0
36960,0
36961,0
36962,0
36963,0
36964,0
36965,0
36966,0
36967,0
36968,0
36969,0
36970,0
36971,0
36972,0
36973,0
36974,0
36975,0
36976,0
36977,1
36978,1
36979,1
36980,0
36981,0
36982,0
36983,0
36984,0
36985,0
36986,0
36987,0
36988,0
36989,0
36990,0
36991,0
36992,0
36993,0
36994,0
36995,0
36996,0
36997,0
36998,0
36999,0
37000,0
37001,0
37002,0
37003,0
37004,0
37005,0
37006,0
37007,1
37008,1
37009,0
37010,0
37011,0
37012,0
37013,0
37014,0
37015,0
37016,0
37017,0
37018,0
37019,0
37020,0
37021,0
37022,0
37023,0
37024,0
37025,0
37026,0
37027,0
37028,0
37029,0
37030,0
37031,0
37032,0
37033,0
37034,0
37035,0
37036,0
37037,0
37038,0
37039,0
37040,0
37041,0
37042,0
37043,1
37044,1
37045,0
37046,0
37047,0
37048,0
37049,0
37050,0
37051,0
37052,1
37053,0
37054,0
37055,0
37056,0
37057,0
37058,0
37059,0
37060,0
37061,0
37062,0
37063,0
37064,0
37065,0
37066,0
37067,0
37068,0
37069,0
37070,0
37071,0
37072,1
37073,1
37074,1
37075,0
37076,0
37077,0
37078,0
37079,0
37080,0
37081,0
37082,0
37083,0
37084,0
37085,0
37086,0
37087,0
37088,0
37089,0
37090,0
37091,0
37092,0
37093,0
37094,0
37095,0
37096,0
37097,0
37098,0
37099,0
37100,0
37101,0
37102,0
37103,0
37104,0
37105,0
37106,0
37107,0
37108,0
37109,0
37110,1
37111,0
37112,0
37113,0
37114,0
37115,0
37116,0
37117,0
37118,0
37119,0
37120,0
37121,0
37122,0
37123,0
37124,0
37125,0
37126,0
37127,0
37128,0
37129,0
37130,0
37131,0
37132,0
37133,0
37134,0
37135,0
37136,0
37137,0
37138,1
37139,1
37140,1
37141,0
37142,0
37143,0
37144,0
37145,0
37146,0
37147,0
37148,0
37149,0
37150,0
37151,0
37152,0
37153,0
37154,0
37155,0
37156,0
37157,1
37158,0
37159,0
37160,0
37161,0
37162,0
37163,0
37164,0
37165,0
37166,0
37167,0
37168,0
37169,0
37170,0
37171,0
37172,0
37173,0
37174,0
37175,1
37176,0
37177,0
37178,0
37179,0
37180,0
37181,0
37182,0
37183,0
37184,1
37185,0
37186,0
37187,0
37188,0
37189,0
37190,0
37191,0
37192,0
37193,0
37194,0
37195,1
37196,0
37197,0
37198,0
37199,0
37200,0
37201,0
37202,0
37203,1
37204,1
37205,1
37206,0
37207,0
37208,0
37209,0
37210,0
37211,0
37212,0
37213,0
37214,0
37215,0
37216,0
37217,0
37218,0
37219,0
37220,0
37221,0
37222,0
37223,0
37224,0
37225,0
37226,0
37227,0
37228,0
37229,0
37230,0
37231,0
37232,0
37233,0
37234,0
37235,0
37236,0
37237,0
37238,0
37239,0
37240,0
37241,1
37242,0
37243,0
37244,0
37245,0
37246,0
37247,0
37248,0
37249,1
37250,1
37251,0
37252,0
37253,0
37254,0
37255,0
37256,0
37257,0
37258,0
37259,0
37260,0
37261,0
37262,0
37263,0
37264,0
37265,1
37266,1
37267,0
37268,1
37269,1
37270,1
37271,1
37272,0
37273,0
37274,0
37275,0
37276,0
37277,0
37278,0
37279,0
37280,0
37281,0
37282,0
37283,0
37284,0
37285,0
37286,0
37287,0
37288,0
37289,0
37290,0
37291,0
37292,0
37293,0
37294,0
37295,0
37296,0
37297,0
37298,0
37299,0
37300,0
37301,0
37302,0
37303,0
37304,0
37305,0
37306,0
37307,0
37308,0
37309,0
37310,0
37311,0
37312,0
37313,0
37314,0
37315,0
37316,0
37317,0
37318,0
37319,0
37320,0
37321,0
37322,0
37323,0
37324,0
37325,0
37326,0
37327,1
37328,0
37329,1
37330,1
37331,1
37332,1
37333,1
37334,0
37335,0
37336,0
37337,0
37338,0
37339,0
37340,0
37341,0
37342,0
37343,0
37344,0
37345,0
37346,0
37347,0
37348,0
37349,0
37350,0
37351,0
37352,0
37353,0
37354,0
37355,0
37356,0
37357,0
37358,0
37359,0
37360,0
37361,0
37362,0
37363,0
37364,0
37365,0
37366,0
37367,0
37368,0
37369,0
37370,0
37371,0
37372,0
37373,0
37374,0
37375,0
37376,0
37377,0
37378,0
37379,0
37380,0
37381,0
37382,0
37383,0
37384,0
37385,0
37386,0
37387,0
37388,0
37389,0
37390,1
37391,1
37392,1
37393,1
37394,1
37395,1
37396,0
37397,0
37398,0
37399,0
37400,0
37401,0
37402,0
37403,0
37404,0
37405,0
37406,0
37407,0
37408,0
37409,0
37410,0
37411,0
37412,0
37413,0
37414,0
37415,0
37416,0
37417,0
37418,0
37419,0
37420,0
37421,0
37422,0
37423,0
37424,0
37425,0
37426,0
37427,0
37428,0
37429,0
37430,0
37431,0
37432,1
37433,0
37434,0
37435,1
37436,0
37437,0
37438,0
37439,0
37440,0
37441,0
37442,0
37443,0
37444,0
37445,0
37446,0
37447,0
37448,0
37449,1
37450,0
37451,1
37452,1
37453,1
37454,1
37455,1
37456,0
37457,0
37458,0
37459,0
37460,0
37461,0
37462,0
37463,0
37464,0
37465,0
37466,0
37467,0
37468,0
37469,0
37470,0
37471,0
37472,0
37473,0
37474,0
37475,0
37476,0
37477,0
37478,0
37479,0
37480,0
37481,0
37482,0
37483,0
37484,0
37485,0
37486,0
37487,0
37488,0
37489,0
37490,0
37491,0
37492,0
37493,0
37494,0
37495,0
37496,0
37497,0
37498,0
37499,0
37500,0
37501,0
37502,0
37503,0
37504,0
37505,0
37506,0
37507,1
37508,0
37509,1
37510,1
37511,1
37512,0
37513,0
37514,0
37515,0
37516,0
37517,0
37518,0
37519,0
37520,0
37521,0
37522,0
37523,0
37524,0
37525,0
37526,0
37527,0
37528,0
37529,0
37530,0
37531,0
37532,0
37533,0
37534,0
37535,0
37536,0
37537,0
37538,0
37539,0
37540,0
37541,0
37542,0
37543,1
37544,0
37545,0
37546,0
37547,1
37548,0
37549,0
37550,0
37551,0
37552,0
37553,0
37554,0
37555,0
37556,0
37557,0
37558,0
37559,0
37560,0
37561,0
37562,0
37563,0
37564,0
37565,0
37566,0
37567,0
37568,1
37569,0
37570,0
37571,0
37572,0
37573,0
37574,0
37575,0
37576,0
37577,0
37578,0
37579,0
37580,0
37581,0
37582,0
37583,0
37584,0
37585,0
37586,0
37587,0
37588,0
37589,0
37590,0
37591,0
37592,0
37593,0
37594,0
37595,0
37596,0
37597,0
37598,0
37599,0
37600,1
37601,0
37602,0
37603,0
37604,0
37605,0
37606,0
37607,0
37608,0
37609,0
37610,0
37611,0
37612,0
37613,0
37614,0
37615,0
37616,0
37617,0
37618,0
37619,0
37620,0
37621,0
37622,0
37623,0
37624,0
37625,0
37626,0
37627,0
37628,0
37629,0
37630,0
37631,0
37632,0
37633,0
37634,0
37635,0
37636,0
37637,0
37638,0
37639,0
37640,0
37641,0
37642,0
37643,0
37644,0
37645,0
37646,0
37647,0
37648,0
37649,0
37650,0
37651,0
37652,0
37653,0
37654,0
37655,0
37656,0
37657,1
37658,0
37659,0
37660,0
37661,0
37662,0
37663,0
37664,0
37665,0
37666,0
37667,0
37668,0
37669,0
37670,0
37671,0
37672,0
37673,0
37674,0
37675,0
37676,0
37677,0
37678,0
37679,0
37680,0
37681,0
37682,0
37683,0
37684,0
37685,0
37686,0
37687,0
37688,0
37689,0
37690,0
37691,0
37692,0
37693,0
37694,0
37695,0
37696,0
37697,0
37698,0
37699,0
37700,0
37701,0
37702,1
37703,0
37704,0
37705,0
37706,0
37707,0
37708,0
37709,0
37710,0
37711,0
37712,0
37713,0
37714,1
37715,0
37716,0
37717,0
37718,0
37719,0
37720,0
37721,0
37722,0
37723,0
37724,0
37725,0
37726,0
37727,0
37728,0
37729,0
37730,0
37731,0
37732,0
37733,0
37734,0
37735,0
37736,0
37737,0
37738,0
37739,0
37740,0
37741,0
37742,0
37743,0
37744,0
37745,0
37746,0
37747,0
37748,0
37749,0
37750,0
37751,0
37752,0
37753,0
37754,0
37755,0
37756,0
37757,0
37758,1
37759,0
37760,1
37761,1
37762,0
37763,0
37764,0
37765,0
37766,0
37767,0
37768,0
37769,0
37770,0
37771,0
37772,1
37773,0
37774,0
37775,0
37776,0
37777,0
37778,0
37779,0
37780,0
37781,0
37782,0
37783,0
37784,0
37785,0
37786,0
37787,0
37788,0
37789,0
37790,0
37791,0
37792,0
37793,0
37794,0
37795,0
37796,0
37797,0
37798,0
37799,0
37800,0
37801,0
37802,0
37803,0
37804,0
37805,0
37806,0
37807,0
37808,0
37809,0
37810,0
37811,0
37812,0
37813,0
37814,0
37815,0
37816,0
37817,1
37818,1
37819,1
37820,0
37821,0
37822,0
37823,0
37824,0
37825,0
37826,0
37827,0
37828,0
37829,1
37830,0
37831,0
37832,0
37833,0
37834,0
37835,0
37836,0
37837,1
37838,0
37839,0
37840,0
37841,0
37842,0
37843,0
37844,0
37845,0
37846,0
37847,0
37848,0
37849,0
37850,0
37851,0
37852,0
37853,0
37854,0
37855,0
37856,0
37857,0
37858,0
37859,0
37860,0
37861,0
37862,0
37863,0
37864,0
37865,0
37866,0
37867,0
37868,0
37869,0
37870,0
37871,0
37872,0
37873,0
37874,0
37875,1
37876,1
37877,1
37878,1
37879,0
37880,0
37881,0
37882,0
37883,0
37884,0
37885,0
37886,0
37887,0
37888,1
37889,0
37890,0
37891,0
37892,0
37893,0
37894,0
37895,0
37896,0
37897,0
37898,0
37899,0
37900,0
37901,0
37902,0
37903,0
37904,0
37905,0
37906,0
37907,0
37908,0
37909,0
37910,0
37911,0
37912,0
37913,0
37914,0
37915,0
37916,0
37917,0
37918,0
37919,0
37920,0
37921,0
37922,0
37923,0
37924,0
37925,0
37926,0
37927,0
37928,0
37929,0
37930,0
37931,0
37932,0
37933,0
37934,0
37935,1
37936,1
37937,1
37938,0
37939,0
37940,0
37941,0
37942,0
37943,0
37944,0
37945,0
37946,0
37947,1
37948,0
37949,0
37950,0
37951,0
37952,0
37953,0
37954,0
37955,0
37956,1
37957,0
37958,0
37959,0
37960,0
37961,0
37962,0
37963,0
37964,0
37965,0
37966,0
37967,0
37968,0
37969,0
37970,0
37971,0
37972,0
37973,0
37974,0
37975,0
37976,0
37977,0
37978,0
37979,0
37980,0
37981,0
37982,0
37983,0
37984,0
37985,0
37986,0
37987,0
37988,0
37989,0
37990,0
37991,0
37992,0
37993,0
37994,1
37995,1
37996,0
37997,0
37998,0
37999,0
38000,0
38001,0
38002,0
38003,0
38004,0
38005,0
38006,0
38007,0
38008,0
38009,0
38010,0
38011,0
38012,0
38013,0
38014,0
38015,0
38016,0
38017,0
38018,0
38019,0
38020,0
38021,0
38022,0
38023,0
38024,0
38025,0
38026,0
38027,1
38028,0
38029,0
38030,0
38031,0
38032,0
38033,0
38034,0
38035,0
38036,0
38037,0
38038,0
38039,0
38040,0
38041,0
38042,0
38043,0
38044,0
38045,0
38046,0
38047,0
38048,0
38049,0
38050,0
38051,0
38052,0
38053,0
38054,0
38055,0
38056,0
38057,0
38058,0
38059,0
38060,0
38061,0
38062,0
38063,0
38064,0
38065,0
38066,0
38067,0
38068,0
38069,0
38070,0
38071,0
38072,0
38073,0
38074,0
38075,0
38076,0
38077,0
38078,0
38079,0
38080,0
38081,0
38082,0
38083,0
38084,0
38085,0
38086,0
38087,0
38088,0
38089,0
38090,0
38091,0
38092,0
38093,0
38094,0
38095,0
38096,0
38097,0
38098,0
38099,0
38100,0
38101,0
38102,0
38103,0
38104,0
38105,0
38106,0
38107,1
38108,0
38109,0
38110,0
38111,0
38112,0
38113,0
38114,0
38115,0
38116,0
38117,0
38118,0
38119,0
38120,0
38121,0
38122,0
38123,0
38124,0
38125,0
38126,0
38127,0
38128,0
38129,0
38130,0
38131,0
38132,0
38133,0
38134,0
38135,0
38136,0
38137,0
38138,0
38139,0
38140,0
38141,0
38142,0
38143,0
38144,0
38145,0
38146,0
38147,0
38148,0
38149,0
38150,0
38151,0
38152,0
38153,0
38154,0
38155,0
38156,0
38157,0
38158,0
38159,0
38160,0
38161,0
38162,0
38163,0
38164,0
38165,0
38166,1
38167,1
38168,1
38169,0
38170,0
38171,0
38172,0
38173,0
38174,0
38175,0
38176,0
38177,0
38178,0
38179,0
38180,0
38181,0
38182,0
38183,0
38184,0
38185,0
38186,0
38187,0
38188,0
38189,0
38190,0
38191,0
38192,0
38193,0
38194,0
38195,0
38196,0
38197,0
38198,0
38199,0
38200,0
38201,0
38202,0
38203,0
38204,0
38205,0
38206,0
38207,0
38208,1
38209,0
38210,0
38211,0
38212,0
38213,0
38214,0
38215,0
38216,0
38217,1
38218,0
38219,0
38220,0
38221,0
38222,0
38223,0
38224,0
38225,0
38226,1
38227,1
38228,1
38229,1
38230,0
38231,0
38232,0
38233,0
38234,0
38235,0
38236,0
38237,0
38238,0
38239,0
38240,0
38241,0
38242,0
38243,0
38244,0
38245,0
38246,0
38247,0
38248,0
38249,0
38250,0
38251,0
38252,0
38253,0
38254,0
38255,0
38256,0
38257,0
38258,0
38259,0
38260,0
38261,0
38262,0
38263,0
38264,0
38265,0
38266,0
38267,1
38268,0
38269,0
38270,0
38271,0
38272,0
38273,0
38274,0
38275,0
38276,1
38277,1
38278,0
38279,0
38280,0
38281,0
38282,0
38283,0
38284,0
38285,1
38286,1
38287,1
38288,1
38289,1
38290,0
38291,0
38292,0
38293,0
38294,0
38295,0
38296,0
38297,0
38298,0
38299,0
38300,0
38301,0
38302,0
38303,0
38304,0
38305,0
38306,0
38307,0
38308,0
38309,0
38310,0
38311,0
38312,0
38313,0
38314,0
38315,0
38316,0
38317,0
38318,0
38319,0
38320,0
38321,0
38322,0
38323,0
38324,0
38325,0
38326,0
38327,1
38328,1
38329,0
38330,0
38331,0
38332,0
38333,0
38334,0
38335,0
38336,1
38337,0
38338,0
38339,0
38340,0
38341,0
38342,0
38343,0
38344,1
38345,1
38346,1
38347,1
38348,1
38349,0
38350,0
38351,0
38352,0
38353,0
38354,0
38355,0
38356,0
38357,0
38358,0
38359,0
38360,0
38361,0
38362,0
38363,1
38364,0
38365,0
38366,0
38367,0
38368,0
38369,0
38370,0
38371,0
38372,0
38373,0
38374,0
38375,0
38376,0
38377,0
38378,0
38379,0
38380,0
38381,0
38382,0
38383,0
38384,0
38385,0
38386,1
38387,0
38388,0
38389,0
38390,0
38391,0
38392,0
38393,0
38394,0
38395,1
38396,1
38397,0
38398,0
38399,0
38400,0
38401,0
38402,0
38403,0
38404,1
38405,1
38406,1
38407,1
38408,0
38409,1
38410,0
38411,0
38412,0
38413,0
38414,0
38415,0
38416,0
38417,0
38418,0
38419,0
38420,0
38421,0
38422,0
38423,0
38424,0
38425,0
38426,0
38427,0
38428,0
38429,0
38430,0
38431,0
38432,0
38433,0
38434,0
38435,0
38436,0
38437,0
38438,0
38439,1
38440,0
38441,0
38442,0
38443,0
38444,0
38445,0
38446,1
38447,1
38448,0
38449,0
38450,0
38451,0
38452,0
38453,0
38454,0
38455,1
38456,1
38457,1
38458,0
38459,0
38460,0
38461,0
38462,0
38463,0
38464,1
38465,1
38466,1
38467,0
38468,0
38469,0
38470,0
38471,0
38472,0
38473,0
38474,0
38475,0
38476,0
38477,0
38478,0
38479,0
38480,1
38481,0
38482,0
38483,0
38484,0
38485,0
38486,0
38487,0
38488,0
38489,0
38490,0
38491,0
38492,0
38493,0
38494,0
38495,0
38496,0
38497,0
38498,0
38499,0
38500,0
38501,0
38502,0
38503,0
38504,0
38505,0
38506,1
38507,1
38508,0
38509,0
38510,0
38511,0
38512,0
38513,0
38514,0
38515,1
38516,1
38517,0
38518,0
38519,0
38520,0
38521,0
38522,0
38523,0
38524,1
38525,1
38526,1
38527,0
38528,0
38529,0
38530,0
38531,0
38532,0
38533,0
38534,0
38535,0
38536,0
38537,0
38538,0
38539,0
38540,0
38541,0
38542,0
38543,0
38544,0
38545,0
38546,0
38547,0
38548,0
38549,1
38550,0
38551,0
38552,0
38553,0
38554,0
38555,0
38556,0
38557,0
38558,0
38559,0
38560,0
38561,0
38562,0
38563,0
38564,0
38565,0
38566,0
38567,0
38568,0
38569,0
38570,1
38571,0
38572,0
38573,0
38574,0
38575,1
38576,1
38577,1
38578,0
38579,0
38580,0
38581,0
38582,0
38583,1
38584,1
38585,1
38586,0
38587,0
38588,0
38589,0
38590,0
38591,0
38592,0
38593,0
38594,0
38595,0
38596,0
38597,0
38598,0
38599,0
38600,0
38601,0
38602,0
38603,0
38604,0
38605,0
38606,0
38607,0
38608,0
38609,0
38610,0
38611,0
38612,0
38613,0
38614,0
38615,0
38616,0
38617,0
38618,0
38619,0
38620,0
38621,0
38622,0
38623,0
38624,0
38625,0
38626,0
38627,0
38628,0
38629,0
38630,0
38631,0
38632,0
38633,0
38634,0
38635,1
38636,1
38637,0
38638,0
38639,0
38640,0
38641,0
38642,0
38643,0
38644,1
38645,1
38646,0
38647,0
38648,0
38649,0
38650,0
38651,0
38652,0
38653,0
38654,0
38655,0
38656,0
38657,0
38658,0
38659,0
38660,0
38661,0
38662,0
38663,0
38664,0
38665,0
38666,0
38667,0
38668,0
38669,0
38670,0
38671,0
38672,0
38673,0
38674,0
38675,0
38676,0
38677,0
38678,0
38679,0
38680,0
38681,0
38682,0
38683,0
38684,0
38685,0
38686,0
38687,0
38688,0
38689,0
38690,1
38691,0
38692,0
38693,0
38694,0
38695,1
38696,1
38697,1
38698,0
38699,0
38700,0
38701,0
38702,0
38703,1
38704,0
38705,0
38706,0
38707,0
38708,0
38709,0
38710,0
38711,0
38712,0
38713,0
38714,0
38715,0
38716,0
38717,0
38718,0
38719,0
38720,0
38721,0
38722,0
38723,0
38724,0
38725,0
38726,0
38727,1
38728,0
38729,1
38730,0
38731,0
38732,0
38733,0
38734,0
38735,0
38736,0
38737,0
38738,0
38739,0
38740,0
38741,0
38742,0
38743,0
38744,0
38745,0
38746,0
38747,0
38748,0
38749,0
38750,0
38751,0
38752,0
38753,0
38754,0
38755,1
38756,1
38757,1
38758,0
38759,0
38760,0
38761,0
38762,0
38763,0
38764,0
38765,0
38766,0
38767,0
38768,0
38769,0
38770,0
38771,0
38772,0
38773,0
38774,0
38775,0
38776,0
38777,0
38778,0
38779,0
38780,0
38781,0
38782,0
38783,0
38784,0
38785,0
38786,0
38787,1
38788,0
38789,0
38790,0
38791,0
38792,0
38793,0
38794,0
38795,0
38796,0
38797,0
38798,0
38799,0
38800,0
38801,0
38802,0
38803,0
38804,0
38805,0
38806,0
38807,0
38808,0
38809,0
38810,0
38811,0
38812,0
38813,0
38814,0
38815,1
38816,1
38817,1
38818,0
38819,0
38820,0
38821,0
38822,0
38823,0
38824,0
38825,0
38826,0
38827,0
38828,0
38829,0
38830,0
38831,0
38832,0
38833,0
38834,0
38835,0
38836,0
38837,0
38838,0
38839,0
38840,0
38841,0
38842,0
38843,0
38844,0
38845,0
38846,1
38847,0
38848,0
38849,0
38850,0
38851,0
38852,0
38853,0
38854,0
38855,0
38856,0
38857,0
38858,0
38859,0
38860,0
38861,0
38862,0
38863,0
38864,0
38865,0
38866,0
38867,0
38868,0
38869,0
38870,0
38871,0
38872,0
38873,0
38874,1
38875,1
38876,1
38877,1
38878,0
38879,0
38880,0
38881,0
38882,0
38883,0
38884,0
38885,0
38886,0
38887,0
38888,0
38889,0
38890,0
38891,0
38892,1
38893,0
38894,0
38895,0
38896,0
38897,0
38898,0
38899,0
38900,0
38901,0
38902,0
38903,0
38904,0
38905,0
38906,1
38907,1
38908,0
38909,0
38910,0
38911,0
38912,0
38913,0
38914,0
38915,0
38916,0
38917,0
38918,0
38919,0
38920,0
38921,0
38922,0
38923,0
38924,0
38925,0
38926,0
38927,0
38928,0
38929,0
38930,0
38931,0
38932,0
38933,0
38934,0
38935,1
38936,1
38937,1
38938,0
38939,0
38940,0
38941,0
38942,0
38943,0
38944,0
38945,0
38946,0
38947,0
38948,0
38949,0
38950,0
38951,0
38952,0
38953,0
38954,0
38955,0
38956,0
38957,0
38958,0
38959,0
38960,0
38961,0
38962,0
38963,0
38964,0
38965,1
38966,1
38967,0
38968,0
38969,0
38970,0
38971,0
38972,0
38973,0
38974,0
38975,0
38976,0
38977,0
38978,0
38979,0
38980,0
38981,0
38982,0
38983,0
38984,0
38985,0
38986,0
38987,0
38988,0
38989,0
38990,0
38991,0
38992,0
38993,0
38994,1
38995,1
38996,1
38997,1
38998,0
38999,0
39000,0
39001,0
39002,0
39003,0
39004,0
39005,0
39006,0
39007,0
39008,0
39009,0
39010,0
39011,0
39012,0
39013,0
39014,0
39015,0
39016,0
39017,0
39018,0
39019,0
39020,0
39021,0
39022,0
39023,0
39024,1
39025,1
39026,1
39027,0
39028,0
39029,0
39030,0
39031,0
39032,0
39033,0
39034,0
39035,0
39036,0
39037,0
39038,0
39039,0
39040,0
39041,0
39042,0
39043,0
39044,0
39045,0
39046,0
39047,0
39048,0
39049,0
39050,0
39051,0
39052,0
39053,0
39054,1
39055,1
39056,1
39057,0
39058,0
39059,0
39060,0
39061,0
39062,0
39063,0
39064,0
39065,0
39066,0
39067,0
39068,0
39069,0
39070,0
39071,0
39072,0
39073,0
39074,0
39075,0
39076,0
39077,0
39078,0
39079,0
39080,0
39081,0
39082,0
39083,1
39084,1
39085,1
39086,0
39087,0
39088,0
39089,0
39090,0
39091,0
39092,0
39093,0
39094,0
39095,0
39096,0
39097,0
39098,0
39099,0
39100,0
39101,0
39102,0
39103,0
39104,0
39105,0
39106,0
39107,0
39108,0
39109,0
39110,0
39111,0
39112,0
39113,1
39114,1
39115,1
39116,1
39117,0
39118,0
39119,0
39120,0
39121,0
39122,0
39123,0
39124,0
39125,0
39126,0
39127,0
39128,0
39129,0
39130,0
39131,0
39132,0
39133,0
39134,0
39135,0
39136,0
39137,0
39138,0
39139,0
39140,1
39141,0
39142,1
39143,1
39144,1
39145,1
39146,0
39147,0
39148,0
39149,0
39150,0
39151,0
39152,0
39153,0
39154,0
39155,0
39156,0
39157,0
39158,0
39159,0
39160,0
39161,0
39162,0
39163,0
39164,0
39165,1
39166,1
39167,0
39168,0
39169,0
39170,0
39171,0
39172,0
39173,1
39174,1
39175,1
39176,0
39177,0
39178,0
39179,0
39180,0
39181,0
39182,0
39183,0
39184,0
39185,0
39186,0
39187,0
39188,0
39189,0
39190,0
39191,0
39192,0
39193,0
39194,0
39195,0
39196,0
39197,0
39198,0
39199,1
39200,1
39201,1
39202,1
39203,1
39204,1
39205,0
39206,0
39207,0
39208,0
39209,0
39210,0
39211,0
39212,0
39213,0
39214,0
39215,0
39216,0
39217,0
39218,0
39219,0
39220,0
39221,0
39222,0
39223,0
39224,0
39225,0
39226,0
39227,0
39228,0
39229,0
39230,0
39231,0
39232,1
39233,1
39234,1
39235,1
39236,0
39237,0
39238,0
39239,0
39240,0
39241,0
39242,0
39243,0
39244,0
39245,0
39246,0
39247,0
39248,0
39249,0
39250,0
39251,0
39252,0
39253,0
39254,0
39255,0
39256,0
39257,0
39258,1
39259,1
39260,1
39261,1
39262,1
39263,1
39264,1
39265,0
39266,0
39267,0
39268,0
39269,0
39270,0
39271,0
39272,0
39273,0
39274,0
39275,0
39276,0
39277,0
39278,0
39279,0
39280,0
39281,0
39282,0
39283,0
39284,0
39285,0
39286,0
39287,0
39288,0
39289,0
39290,0
39291,0
39292,1
39293,1
39294,1
39295,0
39296,0
39297,0
39298,0
39299,0
39300,0
39301,0
39302,0
39303,0
39304,0
39305,0
39306,0
39307,0
39308,0
39309,0
39310,0
39311,0
39312,0
39313,0
39314,0
39315,0
39316,1
39317,1
39318,1
39319,1
39320,1
39321,1
39322,1
39323,0
39324,0
39325,0
39326,0
39327,0
39328,0
39329,0
39330,0
39331,0
39332,0
39333,0
39334,0
39335,0
39336,0
39337,0
39338,0
39339,0
39340,0
39341,0
39342,0
39343,0
39344,0
39345,0
39346,0
39347,0
39348,0
39349,0
39350,1
39351,1
39352,1
39353,0
39354,0
39355,0
39356,0
39357,0
39358,0
39359,0
39360,0
39361,0
39362,0
39363,0
39364,0
39365,0
39366,0
39367,0
39368,0
39369,0
39370,0
39371,0
39372,0
39373,0
39374,0
39375,1
39376,1
39377,1
39378,1
39379,1
39380,1
39381,1
39382,0
39383,0
39384,0
39385,0
39386,0
39387,0
39388,0
39389,0
39390,0
39391,0
39392,0
39393,0
39394,0
39395,0
39396,0
39397,0
39398,0
39399,0
39400,0
39401,0
39402,0
39403,0
39404,0
39405,0
39406,0
39407,0
39408,0
39409,1
39410,1
39411,1
39412,0
39413,0
39414,0
39415,0
39416,0
39417,0
39418,0
39419,0
39420,0
39421,0
39422,0
39423,0
39424,0
39425,0
39426,0
39427,0
39428,0
39429,0
39430,0
39431,0
39432,0
39433,0
39434,1
39435,1
39436,1
39437,1
39438,1
39439,1
39440,0
39441,0
39442,0
39443,0
39444,0
39445,0
39446,0
39447,0
39448,0
39449,0
39450,0
39451,0
39452,0
39453,0
39454,0
39455,0
39456,0
39457,0
39458,0
39459,0
39460,0
39461,0
39462,0
39463,0
39464,0
39465,0
39466,0
39467,1
39468,1
39469,1
39470,0
39471,0
39472,0
39473,0
39474,0
39475,0
39476,0
39477,0
39478,0
39479,0
39480,0
39481,0
39482,0
39483,0
39484,0
39485,0
39486,0
39487,0
39488,0
39489,0
39490,0
39491,1
39492,1
39493,1
39494,1
39495,1
39496,1
39497,0
39498,0
39499,0
39500,0
39501,0
39502,0
39503,0
39504,0
39505,0
39506,0
39507,0
39508,0
39509,0
39510,0
39511,0
39512,0
39513,0
39514,0
39515,0
39516,0
39517,0
39518,0
39519,0
39520,0
39521,0
39522,0
39523,0
39524,0
39525,1
39526,1
39527,0
39528,0
39529,0
39530,0
39531,0
39532,0
39533,0
39534,0
39535,0
39536,0
39537,0
39538,0
39539,0
39540,0
39541,0
39542,0
39543,0
39544,0
39545,0
39546,0
39547,0
39548,0
39549,0
39550,1
39551,1
39552,1
39553,1
39554,1
39555,1
39556,0
39557,0
39558,0
39559,0
39560,0
39561,0
39562,0
39563,0
39564,0
39565,0
39566,0
39567,0
39568,0
39569,0
39570,0
39571,0
39572,0
39573,0
39574,0
39575,0
39576,0
39577,0
39578,0
39579,0
39580,0
39581,0
39582,0
39583,1
39584,1
39585,0
39586,0
39587,0
39588,0
39589,0
39590,0
39591,0
39592,0
39593,0
39594,0
39595,0
39596,0
39597,0
39598,0
39599,0
39600,0
39601,0
39602,0
39603,0
39604,0
39605,0
39606,0
39607,1
39608,1
39609,1
39610,1
39611,1
39612,1
39613,0
39614,0
39615,0
39616,0
39617,0
39618,0
39619,0
39620,0
39621,0
39622,0
39623,0
39624,0
39625,0
39626,0
39627,0
39628,1
39629,0
39630,0
39631,0
39632,0
39633,0
39634,0
39635,0
39636,0
39637,0
39638,0
39639,0
39640,0
39641,0
39642,0
39643,0
39644,0
39645,0
39646,0
39647,0
39648,0
39649,0
39650,0
39651,0
39652,0
39653,0
39654,0
39655,0
39656,0
39657,0
39658,0
39659,0
39660,0
39661,0
39662,0
39663,0
39664,1
39665,1
39666,1
39667,1
39668,1
39669,0
39670,0
39671,0
39672,0
39673,0
39674,0
39675,0
39676,0
39677,0
39678,0
39679,0
39680,0
39681,0
39682,0
39683,0
39684,1
39685,1
39686,0
39687,0
39688,0
39689,0
39690,0
39691,0
39692,0
39693,0
39694,0
39695,0
39696,0
39697,0
39698,0
39699,0
39700,0
39701,0
39702,0
39703,0
39704,0
39705,0
39706,0
39707,0
39708,0
39709,0
39710,0
39711,0
39712,0
39713,0
39714,0
39715,0
39716,0
39717,0
39718,0
39719,0
39720,0
39721,1
39722,1
39723,1
39724,1
39725,0
39726,0
39727,0
39728,0
39729,0
39730,0
39731,0
39732,0
39733,0
39734,0
39735,0
39736,0
39737,0
39738,0
39739,0
39740,1
39741,1
39742,0
39743,0
39744,0
39745,0
39746,0
39747,0
39748,0
39749,0
39750,0
39751,0
39752,0
39753,0
39754,0
39755,0
39756,0
39757,0
39758,0
39759,0
39760,0
39761,0
39762,0
39763,0
39764,0
39765,0
39766,0
39767,0
39768,0
39769,0
39770,0
39771,0
39772,0
39773,0
39774,0
39775,0
39776,1
39777,1
39778,1
39779,1
39780,0
39781,0
39782,0
39783,0
39784,0
39785,0
39786,0
39787,0
39788,0
39789,0
39790,0
39791,0
39792,0
39793,0
39794,0
39795,1
39796,1
39797,1
39798,0
39799,0
39800,0
39801,0
39802,0
39803,0
39804,0
39805,0
39806,0
39807,0
39808,0
39809,0
39810,0
39811,0
39812,0
39813,0
39814,0
39815,0
39816,0
39817,0
39818,0
39819,0
39820,0
39821,0
39822,0
39823,0
39824,0
39825,0
39826,0
39827,0
39828,0
39829,0
39830,0
39831,0
39832,0
39833,0
39834,0
39835,1
39836,0
39837,0
39838,0
39839,0
39840,0
39841,0
39842,0
39843,0
39844,0
39845,0
39846,0
39847,0
39848,0
39849,0
39850,0
39851,1
39852,1
39853,1
39854,1
39855,0
39856,0
39857,0
39858,0
39859,0
39860,0
39861,0
39862,0
39863,0
39864,0
39865,0
39866,0
39867,0
39868,0
39869,0
39870,0
39871,0
39872,0
39873,0
39874,0
39875,0
39876,0
39877,0
39878,0
39879,0
39880,0
39881,0
39882,0
39883,0
39884,0
39885,0
39886,0
39887,0
39888,0
39889,0
39890,0
39891,0
39892,0
39893,0
39894,0
39895,0
39896,0
39897,0
39898,0
39899,0
39900,0
39901,0
39902,0
39903,0
39904,0
39905,0
39906,0
39907,1
39908,1
39909,1
39910,0
39911,0
39912,0
39913,0
39914,0
39915,0
39916,0
39917,0
39918,0
39919,0
39920,0
39921,0
39922,0
39923,0
39924,0
39925,0
39926,0
39927,0
39928,0
39929,0
39930,0
39931,0
39932,0
39933,0
39934,0
39935,0
39936,0
39937,0
39938,0
39939,0
39940,0
39941,0
39942,0
39943,0
39944,0
39945,0
39946,0
39947,0
39948,0
39949,0
39950,0
39951,0
39952,0
39953,0
39954,0
39955,0
39956,0
39957,0
39958,0
39959,0
39960,0
39961,1
39962,1
39963,1
39964,0
39965,0
39966,0
39967,0
39968,0
39969,0
39970,0
39971,0
39972,0
39973,0
39974,0
39975,0
39976,0
39977,0
39978,0
39979,0
39980,0
39981,0
39982,0
39983,0
39984,0
39985,0
39986,0
39987,0
39988,0
39989,0
39990,0
39991,0
39992,0
39993,0
39994,0
39995,0
39996,0
39997,0
39998,0
39999,0
40000,0
40001,0
40002,0
40003,0
40004,0
40005,0
40006,0
40007,0
40008,0
40009,0
40010,0
40011,0
40012,0
40013,0
40014,0
40015,0
40016,1
40017,1
40018,1
40019,0
40020,0
40021,0
40022,0
40023,0
40024,0
40025,0
40026,0
40027,0
40028,0
40029,0
40030,0
40031,0
40032,0
40033,0
40034,0
40035,0
40036,0
40037,0
40038,0
40039,0
40040,0
40041,0
40042,0
40043,0
40044,0
40045,0
40046,0
40047,0
40048,0
40049,0
40050,0
40051,0
40052,0
40053,0
40054,0
40055,0
40056,0
40057,0
40058,0
40059,0
40060,0
40061,0
40062,0
40063,0
40064,0
40065,0
40066,0
40067,0
40068,0
40069,0
40070,1
40071,1
40072,0
40073,0
40074,0
40075,0
40076,0
40077,0
40078,0
40079,0
40080,0
40081,0
40082,0
40083,0
40084,0
40085,0
40086,0
40087,0
40088,0
40089,0
40090,0
40091,0
40092,0
40093,0
40094,0
40095,0
40096,0
40097,0
40098,0
40099,0
40100,0
40101,0
40102,0
40103,0
40104,0
40105,0
40106,0
40107,0
40108,0
40109,0
40110,0
40111,0
40112,0
40113,0
40114,0
40115,0
40116,0
40117,0
40118,0
40119,0
40120,0
40121,0
40122,0
40123,0
40124,0
40125,0
40126,0
40127,0
40128,0
40129,0
40130,0
40131,0
40132,0
40133,0
40134,0
40135,0
40136,0
40137,0
40138,0
40139,0
40140,0
40141,0
40142,0
40143,0
40144,0
40145,0
40146,0
40147,0
40148,0
40149,0
40150,0
40151,0
40152,0
40153,0
40154,0
40155,0
40156,0
40157,0
40158,0
40159,0
40160,0
40161,0
40162,0
40163,0
40164,0
40165,0
40166,0
40167,0
40168,0
40169,0
40170,0
40171,0
40172,0
40173,0
40174,0
40175,0
40176,0
40177,0
40178,0
40179,0
40180,0
40181,0
40182,0
40183,0
40184,0
40185,0
40186,0
40187,0
40188,0
40189,0
40190,0
40191,0
40192,0
40193,0
40194,0
40195,0
40196,0
40197,0
40198,0
40199,0
40200,0
40201,0
40202,0
40203,0
40204,0
40205,0
40206,0
40207,0
40208,0
40209,0
40210,0
40211,0
40212,0
40213,0
40214,0
40215,0
40216,0
40217,0
40218,0
40219,0
40220,0
40221,0
40222,0
40223,0
40224,0
40225,0
40226,0
40227,0
40228,0
40229,0
40230,0
40231,0
40232,0
40233,0
40234,0
40235,0
40236,0
40237,0
40238,0
40239,0
40240,0
40241,0
40242,0
40243,0
40244,0
40245,0
40246,0
40247,0
40248,0
40249,0
40250,0
40251,0
40252,0
40253,0
40254,0
40255,0
40256,0
40257,0
40258,0
40259,0
40260,0
40261,0
40262,0
40263,0
40264,0
40265,0
40266,0
40267,0
40268,0
40269,0
40270,0
40271,0
40272,0
40273,0
40274,0
40275,0
40276,0
40277,0
40278,0
40279,0
40280,0
40281,0
40282,0
40283,0
40284,0
40285,0
40286,0
40287,0
40288,0
40289,0
40290,0
40291,0
40292,0
40293,0
40294,0
40295,0
40296,0
40297,0
40298,0
40299,0
40300,0
40301,0
40302,0
40303,0
40304,0
40305,0
40306,0
40307,0
40308,0
40309,0
40310,0
40311,0
40312,0
40313,0
40314,0
40315,0
40316,0
40317,0
40318,0
40319,0
40320,0
40321,0
40322,0
40323,0
40324,0
40325,0
40326,0
40327,0
40328,0
40329,0
40330,0
40331,0
40332,0
40333,0
40334,0
40335,0
40336,0
40337,0
40338,0
40339,0
40340,0
40341,0
40342,0
40343,0
40344,0
40345,0
40346,0
40347,0
40348,0
40349,0
40350,0
40351,0
40352,0
40353,0
40354,0
40355,0
40356,0
40357,0
40358,0
40359,0
40360,0
40361,0
40362,0
40363,0
40364,0
40365,0
40366,0
40367,0
40368,0
40369,0
40370,0
40371,0
40372,0
40373,0
40374,0
40375,0
40376,0
40377,0
40378,0
40379,0
40380,0
40381,0
40382,0
40383,0
40384,0
40385,0
40386,0
40387,0
40388,0
40389,0
40390,0
40391,0
40392,0
40393,0
40394,0
40395,0
40396,0
40397,0
40398,0
40399,0
40400,0
40401,0
40402,0
40403,0
40404,0
40405,0
40406,0
40407,0
40408,0
40409,0
40410,0
40411,0
40412,0
40413,0
40414,0
40415,0
40416,0
40417,0
40418,0
40419,0
40420,0
40421,0
40422,0
40423,0
40424,0
40425,0
40426,0
40427,0
40428,0
40429,0
40430,0
40431,0
40432,0
40433,0
40434,0
40435,0
40436,0
40437,0
40438,0
40439,0
40440,0
40441,0
40442,0
40443,0
40444,0
40445,0
40446,0
40447,0
40448,0
40449,0
40450,0
40451,0
40452,0
40453,0
40454,0
40455,0
40456,0
40457,0
40458,0
40459,0
40460,0
40461,0
40462,0
40463,0
40464,0
40465,0
40466,0
40467,0
40468,0
40469,0
40470,0
40471,0
40472,0
40473,0
40474,0
40475,0
40476,0
40477,0
40478,0
40479,0
40480,0
40481,0
40482,0
40483,0
40484,0
40485,0
40486,0
40487,0
40488,0
40489,0
40490,0
40491,0
40492,0
40493,0
40494,0
40495,0
40496,0
40497,0
40498,0
40499,0
40500,0
40501,0
40502,0
40503,0
40504,0
40505,0
40506,0
40507,0
40508,0
40509,0
40510,0
40511,0
40512,0
40513,0
40514,0
40515,0
40516,0
40517,0
40518,0
40519,0
40520,0
40521,0
40522,0
40523,0
40524,0
40525,0
40526,0
40527,0
40528,0
40529,0
40530,0
40531,0
40532,0
40533,0
40534,0
40535,0
40536,0
40537,0
40538,0
40539,0
40540,0
40541,0
40542,0
40543,0
40544,0
40545,0
40546,0
40547,0
40548,0
40549,0
40550,0
40551,0
40552,0
40553,0
40554,0
40555,0
40556,0
40557,0
40558,0
40559,0
40560,0
40561,0
40562,0
40563,0
40564,0
40565,0
40566,0
40567,0
40568,0
40569,0
40570,0
40571,0
40572,0
40573,0
40574,0
40575,0
40576,0
40577,0
40578,0
40579,0
40580,0
40581,0
40582,0
40583,0
40584,0
40585,0
40586,0
40587,0
40588,0
40589,0
40590,0
40591,0
40592,0
40593,0
40594,0
40595,0
40596,0
40597,0
40598,0
40599,0
40600,0
40601,0
40602,0
40603,0
40604,0
40605,0
40606,0
40607,0
40608,0
40609,0
40610,0
40611,0
40612,0
40613,0
40614,0
40615,0
40616,0
40617,0
40618,0
40619,0
40620,0
40621,0
40622,0
40623,0
40624,0
40625,0
40626,0
40627,0
40628,0
40629,0
40630,0
40631,0
40632,0
40633,0
40634,0
40635,0
40636,0
40637,0
40638,0
40639,0
40640,0
40641,0
40642,0
40643,0
40644,0
40645,0
40646,0
40647,0
40648,0
40649,0
40650,0
40651,0
40652,0
40653,0
40654,0
40655,0
40656,0
40657,0
40658,0
40659,0
40660,0
40661,0
40662,0
40663,0
40664,0
40665,0
40666,0
40667,0
40668,0
40669,0
40670,0
40671,0
40672,0
40673,0
40674,0
40675,0
40676,0
40677,0
40678,0
40679,0
40680,0
40681,0
40682,0
40683,0
40684,0
40685,0
40686,0
40687,0
40688,0
40689,0
40690,0
40691,0
40692,0
40693,0
40694,0
40695,0
40696,0
40697,0
40698,0
40699,0
40700,0
40701,0
